-672
-60
210
-2784
-3298
252
0
0
-260
-304
504
910
970
1648
0
732
-12288
0
-144
0
795
-16102
-16416
1086
1683
-1200
-18720
3408
-20111
3664
0
-21168
-1048
-24210
-1662
1686
1148
-29007
-28405
3684
1884
0
0
0
1380
2112
-1800
-32760
-34874
-34110
-1544
3528
-36000
-36360
4110
-40128
-41128
-36204
-42389
1776
-42655
-457
0
-42861
0
0
2982
0
-46260
-2104
-51604
3240
3294
-49950
-51142
0
2870
-3516
0
-56870
0
6230
-60916
1266
-53928
0
-64944
-55692
1338
-61020
6156
-4830
-68208
-63791
4248
-67398
-3620
-65790
0
,-746
,-67770
,-69828
,-70380
,-69570
,0
,0
,-71730
,3216
,-79992
,-79576
,4932
,-81046
,4160
,-82222
,0
,-5124
,0
,-84196
,-3500
,-84768
,-83660
,-88605
,-86688
,-86355
,5496
,-86762
,5586
,-4700
,0
,5712
,9610
,0
,5850
,-3936
,-94050
,-999
,-88528
,9117
,-91890
,-98496
,0
,-1043
,6312
,-6360
,10670
,-104275
,-104954
,-104544
,0
,0
,6672
,-1117
,6738
,6810
,6852
,-96432
,-108758
,7008
,0
,-107010
,-115818
,7206
,10863
,-109260
,-117216
,-7374
,-111150
,-4976
,-110616
,-111408
,-114930
,6410
,-116190
,12970
,-118391
,-117540
,-9184
,-118980
,11952
,-125584
,-8070
,0
,-122580
,-131616
,-129344
,-1382
,-125010
,-117432
,-132258
,14180
,8550
,-128700
,-129510
,14460
,-130680
,-132769
,-123144
,-142784
,13311
,17820
,-140718
,-144384
,0
,-143162
,-148507
,15400
,0
,-149568
,-7820
,-143052
,-139040
,-155526
,-143550
,-152190
,16090
,-155232
,16230
,-153314
,0
,14814
,-6620
,-11641
,-11697
,10080
,20232
,13528
,3392
,0
,10266
,-6876
,17250
,-10410
,-1743
,-7004
,0
,-12362
,0
,16038
,-169860
,0
,-173376
,18130
,-165802
,18300
,0
,-177120
,-179450
,11130
,0
,3746
,-180288
,7536
,-181440
,18960
,-188100
,-186788
,-175904
,-186046
,-11568
,-191367
,-9700
,-175140
,0
,-7852
,-173184
,-179543
,11874
,23796
,-191040
,0
,-196588
,-193344
,-8100
,0
,-195648
,-194085
,12312
,-181192
,12390
,-186390
,-2079
,12528
,4188
,-191282
,-204379
,-12690
,4246
,-204192
,0
,12882
,-210896
,12948
,-208224
,-195750
,13098
,-184212
,-8800
,8828
,0
,-13362
,35728
,-212705
,20214
,0
,-2261
,13620
,-205200
,0
,-222615
,-207270
,-226282
,0
,-209340
,-11665
,0
,-16443
,23550
,-226752
,-227520
,0
,11925
,-224848
,-237303
,-233091
,0
,29016
,14556
,21879
,29268
,14664
,-205968
,-223769
,0
,14826
,-242746
,-225771
,-241239
,24910
,0
,-15054
,22644
,25260
,-10136
,-228510
,-249410
,-252450
,-245472
,-230760
,0
,-250260
,-2586
,0
,15588
,-236782
,-250272
,41776
,-220164
,0
,-252576
,0
,-238320
,-238950
,-260582
,-263736
,0
,-225372
,26890
,-253424
,0
,27090
,0
,-228900
,0
,-241208
,-249886
,0
,0
,-16632
,-266976
,0
,16770
,0
,-253170
,0
,-271296
,16998
,14190
,0
,-271225
,-277420
,28640
,-278390
,-276192
,-259560
,0
,17388
,-11624
,29130
,-285964
,26325
,-2930
,0
,-276548
,5904
,-266310
,35580
,0
,17892
,-289739
,0
,27018
,-270630
,30150
,-253932
,0
,-276276
,0
,-274590
,-296626
,-297014
,-291650
,6158
,12336
,0
,-297888
,-280080
,15585
,0
,0
,-283320
,31560
,-12664
,50768
,0
,-315216
,15940
,28746
,-288180
,32090
,-295596
,32200
,-303244
,-271992
,0
,-273168
,19554
,-287408
,-274848
,6564
,-319033
,-296460
,0
,-314260
,-298440
,0
,-322816
,-320064
,-16710
,0
,-305123
,20142
,-305942
,-329966
,20262
,-328151
,20346
,27168
,27208
,-306720
,-307530
,-335454
,0
,-309960
,0
,0
,55456
,-312660
,20874
,-317135
,-338627
,-3498
,-315450
,0
,-316890
,35280
,0
,56608
,35440
,0
,-345029
,21384
,0
,35780
,-322830
,-327236
,-21630
,-18055
,-3619
,-351528
,-14532
,-14560
,-353565
,-14608
,14632
,7324
,-330300
,29400
,36810
,-350360
,-310296
,37040
,18560
,-3718
,-335430
,-313656
,37400
,-352218
,-15016
,0
,15072
,37730
,0
,-367436
,-356824
,7610
,-369473
,-22908
,0
,22986
,15352
,-345960
,-323316
,38540
,19295
,-15464
,0
,-341616
,-349830
,-373536
,62368
,7806
,-3908
,23490
,23538
,-330120
,0
,-386512
,-382956
,-383344
,0
,47604
,0
,0
,-334992
,19975
,-383904
,-16028
,-361170
,-20095
,-4025
,-362970
,0
,-388704
,40560
,-373704
,24414
,65216
,-375452
,-368010
,36864
,41010
,-361504
,20560
,-395616
,0
,0
,-372780
,-373230
,24942
,-366872
,-375750
,0
,-377010
,-394424
,0
,0
,-401185
,-410310
,-4241
,-382500
,25542
,-409440
,0
,-393760
,-385830
,0
,-17212
,-409260
,-17264
,-25944
,0
,-364812
,-400108
,-26148
,-423308
,21850
,-424375
,0
,-425345
,-425830
,-426315
,44010
,70512
,0
,0
,26592
,22195
,0
,-17820
,26778
,26814
,35792
,-443619
,-444213
,26976
,-423188
,-405900
,27120
,27186
,40833
,0
,-27318
,0
,45660
,27438
,-22895
,-27534
,-445715
,-437190
,-447073
,46180
,41625
,-27786
,-440705
,0
,18612
,0
,-420030
,0
,-4679
,-4686
,-445835
,-451296
,-432860
,-424440
,-462658
,-467775
,-416592
,-464422
,9492
,9500
,28542
,14295
,-458208
,-420464
,-33495
,23955
,-441232
,-460896
,-466182
,0
,57900
,-405888
,-4839
,19384
,-29124
,-427680
,-29190
,-438930
,-468768
,-29346
,49000
,0
,-442170
,-477143
,0
,78960
,-34594
,-479762
,0
,49590
,0
,-492129
,24880
,-19936
,-449550
,-494901
,50060
,-481152
,-35147
,-5029
,45306
,-484416
,-454770
,45531
,0
,0
,-467268
,-498232
,-458100
,0
,0
,-20472
,-35861
,-462330
,82288
,51520
,-500132
,-433944
,-506856
,0
,-477388
,83120
,52010
,-504885
,31266
,10436
,0
,-492184
,0
,-441084
,-478387
,-478751
,-510996
,47457
,-464552
,0
,-5295
,-514197
,-509376
,47808
,-446880
,-527076
,-32004
,21352
,10692
,-524594
,-482310
,-483120
,-5376
,-452172
,26945
,-528710
,0
,0
,-493038
,0
,-488970
,-5439
,-522624
,0
,-523680
,-529717
,0
,0
,-461160
,0
,-528480
,-534567
,0
,-519914
,-22156
,-27725
,33342
,-22260
,-467964
,55770
,-502470
,0
,55960
,-537888
,-33666
,0
,50625
,0
,-529972
,-50778
,-22600
,22620
,-509310
,22660
,56720
,0
,51165
,51237
,-558600
,22824
,-519974
,-560462
,34350
,-34398
,-516510
,-40215
,-551904
,-5755
,23044
,57700
,0
,-5786
,57930
,-510312
,-5807
,-522990
,0
,11654
,0
,-525600
,-5848
,-562560
,35208
,-552156
,-529020
,-494508
,-536354
,-23600
,-531540
,-35502
,-533340
,23732
,0
,71376
,-535950
,-536670
,-537390
,35880
,-502908
,-5994
,-576192
,60080
,-541440
,60210
,60290
,72432
,-568512
,0
,-575985
,60700
,-546840
,-577695
,36528
,60970
,97680
,61120
,-550980
,-594319
,-588672
,-558558
,12296
,-553770
,0
,-580168
,-611523
,-24728
,0
,-601012
,-558360
,-584398
,62230
,-566930
,-598752
,-593180
,-600000
,62580
,-25060
,100352
,-602976
,-6288
,0
,0
,63070
,31560
,-606528
,-607104
,56961
,-570420
,0
,101744
,0
,0
,-561968
,-38382
,-25620
,32055
,-609710
,-6427
,-578880
,-605266
,-618624
,0
,0
,19419
,32390
,0
,103904
,0
,-546672
,-586440
,0
,-574904
,-628032
,-621965
,-26224
,-590670
,0
,-598598
,-625480
,-580096
,-594090
,0
,66170
,59598
,-6628
,33175
,-610972
,-6647
,-625476
,66600
,19998
,-600480
,-600840
,-654738
,-33435
,-649124
,0
,-40266
,67170
,-658658
,53800
,40404
,-606780
,-40524
,-642105
,40602
,40650
,-671121
,67860
,-645335
,0
,61245
,-654240
,-613800
,-614700
,-656352
,-622804
,-643994
,-617400
,-666002
,-666875
,-647002
,-661536
,-620820
,0
,0
,0
,-665472
,-652172
,0
,-667200
,41754
,69660
,41844
,-628380
,41952
,-615824
,84060
,63090
,-666615
,-681134
,0
,-675264
,14084
,14094
,70530
,112944
,0
,-678816
,70780
,113360
,-638460
,0
,-682464
,0
,56976
,-670032
,14268
,-599760
,28596
,-708147
,-644580
0,-673886
1,-681530
2,0
3,-689856
4,-647100
5,64773
6,0
7,-699370
8,-606228
9,-635624
0,-701310
1,-651240
2,-608412
3,43512
4,-682534
5,-654210
6,43662
7,-685072
8,-692835
9,-7300
0,-642928
1,-43896
2,-702912
3,-659610
4,-689490
5,-660600
6,-36735
7,0
8,14730
9,-44256
0,-7382
1,0
2,-666090
3,59248
4,29644
5,74190
6,-668340
7,-698702
8,0
9,-722359
0,67086
1,0
2,-7466
3,-679952
4,-703308
5,29956
6,-674640
7,-30028
8,-676440
9,67707
0,-677790
1,67824
2,37705
3,75470
4,120880
5,-733223
6,-726240
7,0
8,75770
9,-682470
0,-683190
1,-714024
2,0
3,-38055
4,-715998
5,-45750
6,0
7,-718818
8,0
9,-674608
0,-644784
1,76830
2,-30764
3,-754306
4,77020
5,-46254
6,-694260
7,-46332
8,-726620
9,0
0,-743520
1,-744384
2,-729534
3,-745728
4,-707525
5,-754660
6,-708344
7,0
8,-756891
9,-757473
0,-687632
1,-711529
2,-688600
3,-39165
4,-705600
5,-47106
6,47154
7,-707940
8,-708570
9,94584
0,-741566
1,78980
2,31616
3,-712080
4,47508
5,47550
6,-769307
7,0
8,-715140
9,47730
0,95556
1,0
2,-750026
3,-718650
4,79900
5,39975
6,80020
7,48066
8,48096
9,40105
0,-770592
1,-56252
2,-780074
3,0
4,-725400
5,-774432
6,-8073
7,-783469
8,-56595
9,0
0,-736918
1,-769785
2,16220
3,-738556
4,-56875
5,-739739
6,-732150
7,-684012
8,81500
9,0
0,0
1,-736020
2,-769484
3,81940
4,32804
5,49254
6,-747656
7,49326
8,0
9,49440
0,-799765
1,-792192
2,0
3,-801899
4,-777568
5,-33124
6,-33160
7,-697032
8,-780764
9,-798144
0,-765440
1,83280
2,0
3,0
4,41750
5,-752310
6,-819770
7,75348
8,16754
9,-804768
0,0
1,-797810
2,-50436
3,-757170
4,50538
5,-758520
6,16864
7,50658
8,-794206
9,84570
0,-812640
1,0
2,-797496
3,-823530
4,-764550
5,-765270
6,0
7,34076
8,-767610
9,0
0,0
1,-752400
2,-830126
3,-51402
4,137216
5,-8581
6,0
7,-825408
8,-723156
9,-758208
0,-51750
1,-785512
2,-837983
3,-778050
4,51918
5,51984
6,26007
7,-763312
8,-833184
9,0
0,-782550
1,34796
2,-731472
3,17428
4,87220
5,52368
6,-820902
7,-803804
8,-804172
9,-822312
0,87540
1,87580
2,-788760
3,-824568
4,-790200
5,0
6,26382
7,0
8,-828234
9,88170
0,-44125
1,88410
2,0
3,-35432
4,-851232
5,53226
6,-878724
7,-35540
8,-800370
9,-8900
0,0
1,-856032
2,142784
3,-857472
4,89370
5,0
6,89510
7,-8959
8,-869605
9,-807390
0,-816816
1,0
2,143888
3,-881804
4,90060
5,-820183
6,36068
7,-848162
8,108360
9,45175
0,0
1,-760368
2,-797280
3,90690
4,54468
5,-817560
6,-854742
7,36416
8,-874656
9,-820980
0,54756
1,146096
2,-904563
3,0
4,-860288
5,-54966
6,-770196
7,9174
8,-826740
9,-836472
0,-772968
1,-55248
2,-866398
3,-830250
4,-36944
5,-36980
6,46245
7,0
8,83403
9,-843661
0,-37116
1,-835830
2,92920
3,-892608
4,-9305
5,93110
6,-782796
7,-885780
8,-839790
9,-896448
0,-906271
1,-9349
2,-46785
3,-56202
4,-900096
5,-56304
6,-863788
7,-37584
8,37604
9,112908
0,-931887
1,-56520
2,-37724
3,-830456
4,-9446
5,56724
6,113532
7,0
8,-9477
9,-37944
0,-797664
1,95030
2,-865501
3,-799596
4,-914496
5,0
6,0
7,0
8,-860220
9,-870324
0,-947232
1,0
2,-929454
3,-901554
4,-57606
5,-864810
6,-923040
7,48105
8,-9631
9,-48195
0,-954855
1,57912
2,57966
3,0
4,0
5,-881244
6,58170
7,-911800
8,-854392
9,87426
0,0
1,97270
2,155760
3,58452
4,-58500
5,-946235
6,-927200
7,-927675
8,-928245
9,0
0,-939264
1,97920
2,-58794
3,-921764
4,88326
5,39284
6,0
7,-39356
8,157536
9,-59112
0,-867592
1,-956808
2,-937650
3,-869176
4,0
5,-959524
6,-890820
7,-49525
8,-951456
9,-59544
0,49650
1,0
2,-935394
3,99590
4,-946770
5,-837816
6,99810
7,-838992
8,59964
9,-59994
0,-40040
1,100180
2,60162
3,-903060
4,-50205
5,0
6,-905220
7,-906300
8,0
9,-947802
0,-968640
1,-979312
2,-949964
3,-970656
4,-951186
5,0
6,-982804
7,-973440
8,0
9,-60960
0,-40680
1,-966625
2,-967290
3,-61134
4,-856716
5,-918450
6,-980352
7,-929929
8,-10226
9,-961808
0,-982944
1,92205
2,0
3,92322
4,-985440
5,0
6,102850
7,-926460
8,-927180
9,-927900
0,-969986
1,0
2,10332
3,0
4,-1024452
5,51760
6,-62166
7,93312
8,0
9,41532
0,-935280
1,-52005
2,0
3,-937620
4,0
5,0
6,31323
7,0
8,20908
9,-10461
0,-942210
1,-1026550
2,-1016463
3,-996170
4,-62970
5,-42028
6,105140
7,63150
8,-42136
9,-949050
0,-1002440
1,0
2,-1003960
3,169216
4,21162
5,-953010
6,63570
7,-964509
8,106040
9,-933856
0,-998374
1,-42524
2,-936408
3,-74536
4,-959130
5,106630
6,-960480
7,-1035669
8,21372
9,-10693
0,21396
1,107050
2,-1028448
3,-1029312
4,-965610
5,-966510
6,-1031616
7,-10754
8,0
9,-969030
0,-1045078
1,-1034880
2,64722
3,-1036128
4,0
5,0
6,97362
7,64962
8,-1050801
9,97560
0,0
1,-1041888
2,-97722
3,0
4,-1054584
5,-1044672
6,-980190
7,-43584
8,109030
9,65466
0,-1037115
1,0
2,109310
3,0
4,-65670
5,-65724
6,-1063120
7,0
8,-987480
9,-43920
0,0
1,-1066612
2,-990450
3,-1035222
4,66138
5,-1058784
6,0
7,-1071268
8,-994590
9,-55285
0,-996030
1,66438
2,177280
3,-1064352
4,0
5,0
6,66678
7,-11120
8,44508
9,-1013285
0,-1002690
1,-1070112
2,-1081841
3,-1082326
4,100485
5,-1016652
6,0
7,-1084848
8,0
9,-67218
0,67278
1,0
2,22458
3,-1011420
4,0
5,101286
6,-1114542
7,0
8,0
9,0
0,-11286
1,-1106616
2,22596
3,-11304
4,-1097070
5,-1120086
6,-1064174
7,22652
8,67998
9,-1089024
0,-1021770
1,-68160
2,-1079675
3,113740
4,113830
5,102528
6,-1071412
7,-1026450
8,-1095552
9,-1050456
0,-68562
1,0
2,0
3,-1076018
4,0
5,-11465
6,-68850
7,-964908
8,0
9,-1104288
0,-11513
1,-1036710
2,-1106496
3,103806
4,-1107744
5,-1096775
6,-1120447
7,-11556
8,138732
9,-46280
0,-11578
1,104247
2,-81137
3,-1148103
4,116030
5,104490
6,-1126946
7,-1139152
8,-1139740
9,-1140132
0,-46564
1,-11649
2,0
3,-46672
4,-1109030
5,70110
6,0
7,140388
8,-46824
9,-1112545
0,117160
1,93760
2,-11728
3,-46932
4,-46964
5,0
6,117610
7,70626
8,0
9,-1131456
0,117920
1,0
2,47240
3,118160
4,189152
5,94608
6,-71010
7,-1065690
8,142164
9,-71130
0,-996492
1,-1139520
2,0
3,-1116908
4,0
5,35676
6,-1154106
7,-1130880
8,119110
9,-1144224
0,-1156725
1,-71616
2,-1158471
3,0
4,-1099860
5,-1171982
6,0
7,47896
8,-1078200
9,-1078650
0,0
1,0
2,-1080810
3,-1081530
4,-72156
5,120350
6,-1083780
7,-1156800
8,-1097187
9,193024
0,120710
1,108693
2,-1172245
3,-1088370
4,-48396
5,-1089540
6,-1162656
7,0
8,145512
9,-1200870
0,194208
1,-1178065
2,-72936
3,-48656
4,0
5,0
6,0
7,-48784
8,0
9,109926
0,0
1,-1186310
2,-1162325
3,-48976
4,-49008
5,-1103310
6,-1030512
7,73650
8,-49132
9,-1106010
0,-49200
1,-61525
2,-1157328
3,0
4,0
5,-49356
6,-74088
7,123540
8,123580
9,-1112940
0,74226
1,-1175815
2,-1040424
3,-1177335
4,-1116090
5,49624
6,-1129492
7,-1204740
8,124260
9,-1118970
0,0
1,-1095424
2,-62275
3,-1171334
4,0
5,0
6,112347
7,-1123920
8,-62470
9,49996
0,-62540
1,-1138683
2,-12521
3,-1202976
4,-1216186
5,-1229116
6,0
7,-1230194
8,-1230684
9,-1143142
0,-1219096
1,-75462
2,-1132560
3,75552
4,-12599
5,-1109416
6,-75696
7,126220
8,0
9,0
0,126450
1,-1163892
2,-1189946
3,113985
4,-1191168
5,-12680
6,0
7,-76176
8,-76242
9,-1068060
0,0
1,-1260072
2,0
3,0
4,-1223904
5,25510
6,-1225152
7,-76626
8,-1201602
9,-1227936
0,-1151640
1,-1152180
2,-12810
3,0
4,76944
5,-1154610
6,-1270566
7,0
8,-1169441
9,-1170260
0,0
1,-77262
2,-90195
3,-1160010
4,77376
5,0
6,-1252270
7,77502
8,206752
9,-1241184
0,-1176994
1,-1281060
2,155340
3,-1269100
4,-1166220
5,207440
6,-1167660
7,-1272040
8,-1091076
9,77976
0,-13005
1,130140
2,65095
3,-1237470
4,-52136
5,-1277822
6,130430
7,117432
8,-1266335
9,130620
0,-1267499
1,130730
2,0
3,78522
4,-1178460
5,78606
6,-1192646
7,-1232434
8,26230
9,-1285662
0,-78762
1,0
2,-1235724
3,-1183680
4,-1105272
5,0
6,-1277878
7,131790
8,-1278945
9,118710
0,-1266816
1,-1108968
2,66030
3,-1110144
4,-1203020
5,0
6,-1191330
7,-1205295
8,79512
9,132610
0,-1114596
1,-1261315
2,-79716
3,13291
4,-1196910
5,-1197630
6,-53264
7,-1265590
8,-1319472
9,-1253584
0,133420
1,-1321353
2,26708
3,80208
4,-1270435
5,-1284384
6,-1204740
7,-1205550
8,-1299703
9,-1206360
0,-1207080
1,-1207440
2,214768
3,-80580
4,80628
5,-80658
6,-13450
7,-1237952
8,161532
9,-1306299
0,80838
1,-1294080
2,0
3,121473
4,54004
5,135070
6,67555
7,-1216980
8,135290
9,-1218420
0,-1232686
1,-1287535
2,-1288105
3,-54272
4,-67870
5,-1303776
6,0
7,-1305216
8,-1224540
9,-1347489
0,163440
1,-1253500
2,163572
3,-13638
4,-54584
5,218400
6,81948
7,218624
8,-1230390
9,-1244607
0,0
1,136900
2,-13696
3,-1315584
4,27426
5,-1207448
6,-1249339
7,-1318752
8,0
9,41256
0,13757
1,-1321248
2,-1335496
3,-13775
4,0
5,-1296448
6,-1242090
7,-1242630
8,-55268
9,138240
0,0
1,-1328448
2,-83088
3,83130
4,-1344420
5,83196
6,-1304062
7,-1304720
8,-1249560
9,0
0,0
1,139060
2,-1224432
3,0
4,83598
5,125433
6,-1255140
7,125568
8,-1339968
9,55868
0,0
1,139840
2,139880
3,-1343616
4,0
5,-1317128
6,-1345824
7,-84156
8,140300
9,-1361686
0,-14044
1,-1264680
2,-1265310
3,0
4,-1266660
5,-14080
6,-1239568
7,-1395009
8,-84594
9,-1396197
0,-1340450
1,0
2,-1356096
3,-1328596
4,0
5,0
6,-84942
7,-1274760
8,-1275570
9,0
0,-1361952
1,-1291381
2,127782
3,-1278720
4,85302
5,0
6,-1281330
7,0
8,142550
9,-1198008
0,-71355
1,-85686
2,142890
3,28592
4,0
5,-1345422
6,-1345892
7,-1288980
8,-1361255
9,-1290240
0,-1290690
1,-57388
2,-1292220
3,-1393308
4,0
5,86268
6,-1294740
7,-1295190
8,230368
9,-1397285
0,-86478
1,-1298160
2,-57736
3,-1386432
4,0
5,-1301310
6,-1374270
7,0
8,-1390272
9,0
0,86988
1,87030
2,-58056
3,-1365162
4,-14528
5,87204
6,-1366760
7,87294
8,-14558
9,131067
0,-1398912
1,116608
2,87498
3,87546
4,-1372024
5,-58424
6,-87684
7,146210
8,-87774
9,-58556
0,-1318410
1,-58628
2,-88002
3,-1335152
4,88068
5,234944
6,-1410048
7,0
8,132318
9,-1382928
0,0
1,0
2,-1237740
3,88458
4,147520
5,-1357736
6,-1299320
7,73850
8,0
9,-1448930
0,0
1,0
2,148030
3,-1421664
4,88884
5,-1363256
6,0
7,14830
8,0
9,-89064
0,-1306976
1,0
2,-1442293
3,59500
4,0
5,0
6,0
7,0
8,0
9,-1433280
0,134406
1,89664
2,-1449956
3,-1405864
4,-1421485
5,-1437216
6,-1318152
7,-14988
8,-59980
9,-1425095
0,-135045
1,90078
2,0
3,-1352520
4,90192
5,-1458686
6,-1429085
7,-1459947
8,135513
9,-1370733
0,135639
1,-1492425
2,-1327040
3,-1358280
4,135873
5,151030
6,-1374737
7,-1420528
8,0
9,-1437065
0,242144
1,-1423066
2,0
3,-1363680
4,-1485484
5,136476
6,-1380288
7,-1380925
8,136620
9,151880
0,60784
1,-15201
2,-1459968
3,-1475661
4,91320
5,0
6,-1462656
7,0
8,244048
9,152620
0,-1450460
1,-1374840
2,-1467264
3,-15292
4,244784
5,-91848
6,91896
7,0
8,-1471584
9,-1472064
0,-92046
1,0
2,0
3,-61472
4,-1399216
5,-1446096
6,92364
7,-1386000
8,-1509788
9,0
0,0
1,-1496322
2,154320
3,-15439
4,154470
5,92742
6,-1453522
7,-1392390
8,247648
9,61948
0,-1425356
1,-1410500
2,93048
3,-1520372
4,0
5,93162
6,-1398150
7,139860
8,0
9,-1539747
0,-1540242
1,0
2,140157
3,-1510969
4,-93516
5,-1496736
6,249568
7,-93618
8,-1373592
9,0
0,-62512
1,140697
2,0
3,-15645
4,-15654
5,-1409580
6,141030
7,-1536052
8,78410
9,0
0,-1412820
1,-109942
2,-1382832
3,-1524646
4,-94356
5,0
6,-1479654
7,-1496060
8,0
9,-1481816
0,-1435070
1,0
2,0
3,0
4,-1516800
5,-63220
6,0
7,-1329132
8,63312
9,158360
0,0
1,-1537353
2,-1538129
3,-1427940
4,-1555554
5,-1429200
6,158870
7,95364
8,-1431090
9,-1558690
0,-1496198
1,-1337784
2,159320
3,-1338792
4,-1434780
5,0
6,-1532064
7,-15965
8,-1437480
9,-1518005
0,-1534752
1,-1503718
2,-1520475
3,32020
4,-1553552
5,0
6,-96198
7,-1443600
8,-144396
9,-1556850
0,160590
1,32134
2,-1350216
3,0
4,-1592514
5,0
6,-1529500
7,-1562282
8,0
9,-1354416
0,-1467648
1,-1549056
2,32288
3,193824
4,-1583582
5,-1535675
6,-1552416
7,0
8,-16185
9,-1554240
0,-1473836
1,97230
2,-1540045
3,-1557120
4,-1460160
5,-1574116
6,97422
7,-1559424
8,-1462770
9,97566
0,195192
1,162740
2,162820
3,32584
4,-1466730
5,-16304
6,261024
7,-1468980
8,-1469880
9,65356
0,0
1,196308
2,196404
3,-1620828
4,262032
5,98292
6,98346
7,-114793
8,98442
9,0
0,0
1,-16429
2,-1545266
3,-16447
4,0
5,-98772
6,-1581024
7,-98868
8,-1483740
9,0
0,-1584192
1,-66040
2,165180
3,-1619450
4,0
5,16539
6,-1456224
7,-1605738
8,165640
9,0
0,99474
1,-1492920
2,-1560118
3,-1494360
4,-1594560
5,199404
6,132984
7,-1497240
8,-1614371
9,149850
0,-1499310
1,-1466432
2,150021
3,-1400784
4,166830
5,-1518699
6,-1569706
7,167050
8,83555
9,-1471008
0,0
1,-83655
2,-1590015
3,-100488
4,0
5,-1609344
6,-1576756
7,100698
8,201468
9,-100782
0,168010
1,100848
2,-1631055
3,-1513980
4,-1514520
5,-1414224
6,-1583148
7,-1516410
8,-16855
9,-1635420
0,-84325
1,-16873
2,-16879
3,-1519650
4,67576
5,-1656200
6,-1420272
7,-67680
8,0
9,-1642501
0,84690
1,-1626720
2,-118671
3,101760
4,0
5,0
6,0
7,-118937
8,-1529730
9,0
0,0
1,0
2,-17030
3,34074
4,-1499872
5,0
6,102354
7,-1535850
8,-1553370
9,102456
0,-1571544
1,-1657439
2,-1538820
3,-1641792
4,0
5,-1643040
6,-1643904
7,85650
8,0
9,-85730
0,-1663744
1,-1630200
2,102996
3,206064
4,-17180
5,-1563835
6,-1650336
7,-1702305
8,-103206
9,-1668982
0,-1669467
1,-103320
2,103368
3,172360
4,-1586264
5,-1690206
6,-1708047
7,-1553310
8,-1553850
9,-1709631
0,-1658592
1,172840
2,-1556190
3,-1625918
4,0
5,34616
6,-1644830
7,103938
8,-1715373
9,-1629396
0,-1681883
1,-1578213
2,0
3,-1648820
4,-1667040
5,-1563300
6,34750
7,156420
8,104310
9,104352
0,156582
1,0
2,-17413
3,-1567710
4,174280
5,-1690904
6,279024
7,0
8,-1571040
9,0
0,0
1,-1573110
2,-104928
3,104970
4,0
5,175060
6,52542
7,-1471932
8,0
9,175370
0,-17542
1,0
2,-1685184
3,0
4,-1581300
5,0
6,-1705551
7,-1583010
8,-1583370
9,-1724604
0,-1584720
1,0
2,-1586340
3,0
4,-1711080
5,0
6,0
7,-1589850
8,106020
9,-1608516
0,-1679695
1,-70748
2,212292
3,-1716415
4,-88510
5,-1593810
6,-1683115
7,-1719034
8,-1666526
9,159615
0,106458
1,-1686060
2,-1757448
3,35522
4,177670
5,-1706496
6,-1706976
7,-1725436
8,-1726115
9,-1495284
0,106848
1,-71264
2,-1711200
3,107016
4,-1570184
5,-1624077
6,-1678464
7,0
8,0
9,-107286
0,0
1,-1717920
2,0
3,0
4,-1755768
5,-1648640
6,286864
7,-89675
8,0
9,107712
0,0
1,-1724928
2,0
3,35974
4,0
5,-1512252
6,-1621080
7,0
8,-1712470
9,-1695102
0,-1695572
1,-1732512
2,-126392
3,-1517460
4,289152
5,-1663268
6,0
7,289568
8,144816
9,-1702058
0,181140
1,108726
2,0
3,-18135
4,-1741536
5,-72584
6,-1652105
7,163467
8,-1526280
9,-1708450
0,181810
1,-1637100
2,-1746816
3,0
4,0
5,-18214
6,-1658020
7,-1658839
8,-1677436
9,36486
0,-1770153
1,292112
2,219192
3,109650
4,-1754976
5,-1682588
6,-1646640
7,164736
8,-1611192
9,109908
0,91610
1,-1539552
2,-1650150
3,220092
4,-1779659
5,-1725182
6,-110166
7,165294
8,-1781890
9,-1782569
0,0
1,-1618584
2,-1729506
3,-1748380
4,0
5,-1804866
6,-1731950
7,-1750850
8,-1659240
9,-1733642
0,-110730
1,-1772256
2,184660
3,184740
4,0
5,-1756265
6,-1664280
7,0
8,0
9,-1777632
0,185240
1,-1686230
2,0
3,-1743324
4,-111330
5,0
6,-1671570
7,185800
8,-1784352
9,-130151
0,0
1,0
2,-1787232
3,0
4,-1807304
5,-93190
6,-1678230
7,298432
8,0
9,-1791840
0,-1810990
1,-1680930
2,-74736
3,0
4,-1683270
5,187080
6,112278
7,-1834462
8,-1816422
9,-1704794
0,-1686870
1,-1687320
2,-1687860
3,75032
4,-1688670
5,-75084
6,-18778
7,-112716
8,-1841518
9,-1579200
0,225696
1,-1580628
2,-1825831
3,112962
4,188320
5,-75356
6,0
7,-1583820
8,94310
9,-1849162
0,-1830778
1,-1717989
2,0
3,113376
4,-1814688
5,189130
6,227064
7,113586
8,-1742020
9,-1780736
0,0
1,-94805
2,-1821312
3,0
4,-1860530
5,-1842030
6,-1823808
7,-1710450
8,-1825056
9,0
0,-1807660
1,114222
2,95205
3,-1885455
4,-1791170
5,-1848917
6,-1887534
7,-1716660
8,76320
9,-1717650
0,-1603812
1,171918
2,19106
3,152880
4,172026
5,172089
6,-1798314
7,-76556
8,-1722960
9,-1857550
0,-1801040
1,-1878170
2,-76692
3,-1726110
4,-1726920
5,115182
6,-1766676
7,153672
8,-1729440
9,115362
0,-1865601
1,192420
2,76988
3,0
4,0
5,-1849824
6,115662
7,231396
8,-173583
9,-115764
0,-1737000
1,38618
2,115902
3,193250
4,115998
5,-1876077
6,116094
7,-1877338
8,0
9,77484
0,193770
1,-1918719
2,-1841860
3,-1900416
4,-1745730
5,0
6,-1766310
7,0
8,-1748250
9,19429
0,194350
1,0
2,-77808
3,-77840
4,116802
5,-1635900
6,-1636404
7,155880
8,-19494
9,0
0,-1911686
1,195150
2,117126
3,-117186
4,-1875840
5,-78192
6,-1759950
7,-1916880
8,-1878336
9,-1937628
0,-1879488
1,-1645224
2,0
3,313600
4,-1725504
5,-1785056
6,-117744
7,-1845126
8,39266
9,78548
0,0
1,-1847100
2,196560
3,-1769670
4,-1868555
5,196760
6,-78732
7,0
8,-1871120
9,-1773270
0,0
1,0
2,-1775430
3,-1776060
4,-1815988
5,-1895520
6,-1935598
7,-19757
8,-1857816
9,-1917496
0,-19776
1,-79152
2,0
3,-1663368
4,-1862234
5,-118908
6,-1883280
7,0
8,0
9,178623
0,-1786860
1,-1807078
2,-1907040
3,178839
4,0
5,-1909152
6,198930
7,-1910112
8,-1791450
9,199110
0,199170
1,0
2,-1833560
3,-1834020
4,-1814631
5,-1755336
6,179559
7,119754
8,-1796850
9,-1977030
0,-1798200
1,-1958628
2,319904
3,-1920000
4,-1820546
5,20012
6,120126
7,160200
8,-1883196
9,0
0,-1884512
1,-1985247
2,240720
3,-1926816
4,-1887144
5,0
6,-1928640
7,0
8,-1809540
9,-1930560
0,-20115
1,-1811070
2,-20128
3,-1952901
4,181251
5,120864
6,0
7,-1955423
8,-1956102
9,-80700
0,0
1,-1817100
2,201980
3,-1939680
4,101060
5,-2001384
6,-121344
7,-1942368
8,-20241
9,-1822320
0,0
1,324256
2,-1986656
3,-1703772
4,-1826280
5,-1826820
6,81216
7,0
8,0
9,-1788952
0,-122028
1,-1830960
2,203520
3,-1954368
4,-20368
5,203780
6,81536
7,-20391
8,0
9,-1938475
0,204110
1,-81672
2,0
3,40876
4,122670
5,184059
6,-1943415
7,-122784
8,-1801360
9,0
0,-1925496
1,-1926060
2,163960
3,164000
4,-1804792
5,-1846530
6,102610
7,-1847790
8,205400
9,-82196
0,-1973184
1,0
2,205730
3,-1996260
4,-1976640
5,329536
6,-1936776
7,0
8,-1876602
9,-2001013
0,-1939596
1,0
2,-1961750
3,-1735272
4,123978
5,-1963555
6,-1860840
7,-1985472
8,-2048013
9,0
0,41402
1,0
2,-1967735
3,-2051181
4,124356
5,0
6,-1949560
7,207450
8,0
9,0
0,-83076
1,-1973625
2,0
3,0
4,-2017503
5,-20807
6,-1873170
7,124926
8,-2041046
9,-2000160
0,-83372
1,-20850
2,-20857
3,208660
4,187848
5,-20880
6,-1984170
7,-2005632
8,0
9,0
0,-2049572
1,334768
2,0
3,104685
4,-146601
5,-1885770
6,-2011968
7,-83868
8,-1887840
9,-1909635
0,0
1,-1911091
2,84024
3,0
4,0
5,-1892520
6,-2019360
7,0
8,-2083554
9,84204
0,-2000320
1,-1769460
2,0
3,337312
4,-2066526
5,-1919463
6,211000
7,-2047379
8,-2027040
9,-1921829
0,-84500
1,-84536
2,-84568
3,-1903500
4,190404
5,63483
6,-21167
7,-1905480
8,-1905840
9,-1906470
0,-1907100
1,-1907640
2,212030
3,339360
4,-1867184
5,-2016280
6,212320
7,0
8,-2040000
9,212570
0,-1913760
1,-1956840
2,127656
3,212820
4,212910
5,-21297
6,-2087596
7,-106545
8,-2046624
9,127968
0,-2069301
1,-2091026
2,0
3,-1964568
4,106800
5,-2115036
6,-2030245
7,-1945216
8,-106925
9,-2053728
0,-2075606
1,-85624
2,0
3,214200
4,0
5,-2079486
6,-2079971
7,0
8,214550
9,-2060448
0,-2103766
1,-85896
2,193311
3,0
4,-2020342
5,107495
6,129042
7,-2022410
8,-129132
9,-21531
0,-1809360
1,-2090059
2,0
3,-2048675
4,-2092387
5,-1812720
6,-1986004
7,-1813980
8,129618
9,-1944900
0,0
1,194634
2,-21633
3,-21642
4,216500
5,194904
6,-2101117
7,-2079840
8,195039
9,-21680
0,-2103833
1,-2104221
2,-1974518
3,-86820
4,195399
5,0
6,-2085504
7,86932
8,260904
9,-1957410
0,0
1,217590
2,-108830
3,-87116
4,-2004220
5,130746
6,-1961640
7,-1962450
8,-2050234
9,349072
0,-2095104
1,-1986439
2,-131010
3,-21846
4,174800
5,0
6,-1836576
7,196839
8,-109385
9,350176
0,-2145416
1,262812
2,0
3,-2081830
4,-131532
5,-2127016
6,-1930720
7,197532
8,351264
9,263496
0,-1998724
1,0
2,131880
3,0
4,-87996
5,-110030
6,-1980990
7,-88080
8,-88112
9,44064
0,198333
1,-2116128
2,-2116800
3,198504
4,0
5,-2008825
6,-2009553
7,353424
8,220950
9,221040
0,88452
1,-2012738
2,0
3,110670
4,-1948408
5,-2015468
6,-2148938
7,-2127168
8,-2127648
9,266004
0,110865
1,-1996200
2,-1997010
3,-2197107
4,-22201
5,133248
6,88860
7,222230
8,-22232
9,222380
0,0
1,0
2,-2092534
3,-22267
4,44556
5,-2205918
6,-1872192
7,-2118025
8,111505
9,-2141568
0,-89280
1,0
2,0
3,134088
4,201177
5,-2124200
6,134214
7,44752
8,-2014650
9,-89568
0,-89608
1,0
2,-2174643
3,0
4,-2176098
5,-134652
6,0
7,202104
8,-89860
9,0
0,-2022930
1,-2113402
2,-2158848
3,-2204314
4,-2182306
5,-2025360
6,0
7,-2184343
8,225260
9,-2027790
0,225380
1,-90188
2,-2120264
3,-2210880
4,-135420
5,-2212252
6,-2167968
7,-2169216
8,226030
9,226110
0,0
1,-2036340
2,-2149945
3,-22638
4,-90584
5,-135924
6,0
7,-2198893
8,-2040750
9,-2132108
0,-2200736
1,204237
2,-2179200
3,0
4,0
5,-2136244
6,-2045970
7,0
8,-22745
9,-2229598
0,-2184768
1,-2003320
2,-2140474
3,136668
4,-2141602
5,-2051010
6,-2143200
7,0
8,0
9,0
0,-2055150
1,-2055690
2,-2056140
3,-2262348
4,0
5,-2172365
6,-91520
7,-91556
8,-91584
9,0
0,137478
1,-91684
2,137562
3,-137634
4,-2064960
5,0
6,137754
7,91868
8,-2159650
9,-2160402
0,-2160966
1,137964
2,-2162000
3,-2208576
4,-138084
5,-2186900
6,0
7,115185
8,-2073960
9,-2166606
0,-2236335
1,-2075400
2,369072
3,115365
4,369264
5,-1939224
6,-2262820
7,0
8,-2079540
9,-92460
0,-2242640
1,92504
2,-23134
3,115700
4,231450
5,0
6,0
7,46336
8,231760
9,-2040368
0,-2040808
1,-2134032
2,-1949136
3,-1949724
4,-2205615
5,0
6,-2253601
7,-2254183
8,278940
9,0
0,139584
1,-2210650
2,-2257869
3,139704
4,-116465
5,0
6,-2191046
7,-2098800
8,209934
9,-2053304
0,70020
1,280200
2,0
3,0
4,-1963500
5,-93536
6,-2245344
7,-2269218
8,140412
9,-93640
0,234170
1,0
2,140610
3,187512
4,117225
5,117250
6,-23458
7,-2111940
8,-164311
9,0
0,-2137044
1,234890
2,-2208436
3,-2279403
4,0
5,-2257152
6,-94084
7,-23528
8,-2118330
9,-94188
0,-2261088
1,0
2,212112
3,235750
4,-2287163
5,-2122740
6,235920
7,-2147600
8,141660
9,141702
0,141750
1,-2292110
2,-1985592
3,-2127870
4,-94612
5,212931
6,-2295602
7,-2272512
8,236770
9,213165
0,-2132460
1,213300
2,237080
3,0
4,-2230150
5,-2254540
6,0
7,142524
8,-166320
9,142614
0,237760
1,0
2,-2141370
3,-2261000
4,0
5,142860
6,119070
7,214380
8,0
9,-2336026
0,-2145870
1,214650
2,-2314226
3,-23865
4,-2267935
5,-2364021
6,238870
7,238920
8,215082
9,215145
0,-2343180
1,-143514
2,143556
3,191448
4,239370
5,-2107072
6,-2011716
7,239550
8,0
9,239670
0,-2301600
1,-2254308
2,-23989
3,-2183636
4,-2160270
5,-2304768
6,120060
7,-96084
8,48056
9,0
0,-144300
1,-2261358
2,-2309952
3,-2382633
4,-2166660
5,144504
6,96356
7,0
8,-2265776
9,144672
0,-2339349
1,-2123176
2,-2172150
3,-2341483
4,-2124760
5,144924
6,241620
7,-2175390
8,-96716
9,145128
0,-2129336
1,-2299285
2,-24211
3,145320
4,-2325984
5,145410
6,-2351280
7,-2400354
8,-2328096
9,-2280158
0,242630
1,218412
2,-2184840
3,-2331264
4,-2040444
5,218691
6,0
7,-2357973
8,145890
9,-2359525
0,145974
1,-2214667
2,-97384
3,146136
4,243630
5,-2339328
6,-2193750
7,0
8,-2219399
9,-2366315
0,-2147816
1,-2343552
2,-24421
3,-97724
4,-2199600
5,-2346816
6,-97816
7,146760
8,220194
9,0
0,-2227498
1,-2301590
2,0
3,-97992
4,-122540
5,392256
6,-2427579
7,-98120
8,392592
9,-98180
0,392800
1,245560
2,245650
3,122855
4,-2359392
5,-122915
6,147534
7,-2312400
8,-2362080
9,0
0,221571
1,-24625
2,246320
3,-2217780
4,24647
5,221877
6,-147966
7,-2392699
8,246730
9,246800
0,-2320484
1,246950
2,-2173688
3,-2273136
4,-2421874
5,247200
6,148374
7,-2077908
8,-2177384
9,-2400750
0,-2376864
1,-2253433
2,-2352960
3,-2229930
4,123910
5,-2255708
6,-148776
7,396832
8,-2257801
9,-2233800
0,-24827
1,0
2,-2359800
3,124225
4,0
5,-24857
6,248630
7,-2362460
8,-2338438
9,-174209
0,-2240640
1,-2191288
2,-2092356
3,-2267265
4,149550
5,149592
6,-2294204
7,-2469159
8,-2295216
9,249550
0,224658
1,-99892
2,-2198152
3,0
4,0
5,-2425388
6,-25011
7,250200
8,-2202288
9,-25035
0,-2253870
1,150318
2,-2255490
3,0
4,-2481930
5,-2206864
6,250840
7,401456
8,-2434409
9,401680
0,401808
1,251210
2,251280
3,150804
4,0
5,-2112936
6,-125810
7,-2290379
8,100708
9,0
0,151152
1,125985
2,-2469698
3,-2218216
4,252130
5,100880
6,-25229
7,252390
8,-2499156
9,-2297568
0,-2222352
1,-2450123
2,-2400175
3,-2223848
4,-2476950
5,50566
6,151746
7,25296
8,151812
9,-2277810
0,-2278440
1,253230
2,-2330268
3,-2482830
4,-2306304
5,253520
6,0
7,152190
8,0
9,304548
0,-2462345
1,152370
2,254030
3,-2286720
4,-2490376
5,0
6,-2466322
7,0
8,-2492826
9,-2315222
0,-2315768
1,152724
2,-25462
3,254680
4,-2445888
5,229347
6,-2421455
7,152988
8,-153048
9,-25514
0,-25521
1,-178703
2,0
3,255410
4,-2324777
5,-2325505
6,-2530539
7,0
8,-2301570
9,230202
0,-2456640
1,-2457120
2,-2150652
3,0
4,-102488
5,0
6,51270
7,153870
8,-102612
9,-2309670
0,0
1,-154068
2,128420
3,0
4,-2313360
5,411360
6,0
7,-2495325
8,-2341521
9,-2547765
0,-2316690
1,128750
2,-2163672
3,-2524872
4,154632
5,-103128
6,0
7,258000
8,-2503085
9,-129050
0,-2452425
1,-129105
2,154992
3,413440
4,0
5,-103436
6,413856
7,0
8,155298
9,-103568
0,-2486112
1,129515
2,259120
3,-103684
4,-2333520
5,259330
6,0
7,155682
8,0
9,-103860
0,-2493024
1,129875
2,-2571921
3,-155922
4,-2495616
5,130005
6,416128
7,0
8,-2341890
9,-130150
0,-2343330
1,-2187696
2,-26054
3,-2189124
4,417088
5,234666
6,156498
7,130445
8,130465
9,-2583702
0,-2349540
1,-2506848
2,-2402764
3,-2455468
4,235161
5,0
6,-2457348
7,-2562406
8,0
9,-2197776
0,-2590632
1,157068
2,-2513760
3,-2357190
4,0
5,157242
6,-104852
7,262210
8,262250
9,131145
0,-26234
1,157464
2,262520
3,0
4,0
5,420432
6,-2549354
7,-2549742
8,-105172
9,0
0,-157854
1,-2526336
2,-2553331
3,-2501160
4,-2370330
5,-105380
6,-2555853
7,-26355
8,263620
9,263690
0,-2400216
1,0
2,-2533632
3,0
4,-2614194
5,0
6,0
7,-158610
8,158652
9,52900
0,0
1,-2566717
2,-2408588
3,0
4,-158916
5,105968
6,264980
7,238545
8,159066
9,-2227428
0,-159162
1,-2229024
2,0
3,238941
4,-2416687
5,265630
6,-2391480
7,0
8,425392
9,-2419872
0,-2580103
1,-2421055
2,159672
3,-2634984
4,159750
5,159804
6,-2344232
7,-2504724
8,-26653
9,-2559456
0,240003
1,266760
2,266830
3,-2348984
4,427200
5,-2510458
6,-2564544
7,0
8,-160380
9,240624
0,0
1,-2434068
2,-2541630
3,0
4,-2435797
5,240948
6,-2597563
7,-2598242
8,-160758
9,-160806
0,134040
1,160890
2,-2414070
3,0
4,-107352
5,161070
6,-2443441
7,-2578176
8,-2605517
9,-161220
0,-2660526
1,-2419380
2,-2258760
3,-2421000
4,-2448628
5,-2610658
6,0
7,80784
8,-2585568
9,0
0,-2613859
1,269540
2,161766
3,-2534992
4,-2562625
5,-2428380
6,242892
7,161970
8,-2592000
9,0
0,135070
1,-2432070
2,-108128
3,-2568610
4,-2596512
5,162324
6,162354
7,0
8,-2436390
9,-2626469
0,-2627051
1,270920
2,135485
3,271040
4,-2575450
5,-162714
6,0
7,0
8,-2686761
9,-162888
0,162942
1,-2390520
2,0
3,-2446290
4,-2664130
5,0
6,272020
7,0
8,0
9,-2586850
0,-2642183
1,-2615808
2,327096
3,-163608
4,-2481752
5,-2618976
6,-163746
7,163794
8,-2675694
9,-2457900
0,-2458710
1,-2568738
2,273350
3,-2296980
4,0
5,246258
6,-109488
7,328560
8,438192
9,136965
0,-2712303
1,-2576070
2,0
3,0
4,-2633472
5,164622
6,439072
7,-2635104
8,137275
9,-2471400
0,-2637024
1,-2500134
2,274810
3,247383
4,-27494
5,0
6,-2668470
7,-110088
8,-2477790
9,-2726064
0,-27543
1,275500
2,-2314872
3,-2591110
4,0
5,165504
6,-2593460
7,-110400
8,-2429240
9,-110456
0,-27622
1,138135
2,-2735568
3,-27642
4,-2626560
5,-2654784
6,-2600040
7,-2738736
8,-2683796
9,0
0,0
1,0
2,-27702
3,166260
4,-2494620
5,277240
6,166386
7,166434
8,-2496870
9,0
0,-2331924
1,0
2,-111104
3,138905
4,-2695242
5,-2667840
6,-166776
7,-2502450
8,166884
9,166920
0,166944
1,-2504970
2,0
3,0
4,-2757447
5,278580
6,-2675040
7,-2647650
8,278760
9,-111540
0,-27893
1,251082
2,-167442
3,223296
4,-2680224
5,-111704
6,0
7,-2514870
8,251550
9,-2767743
0,167778
1,-2685312
2,-2658005
3,-2630590
4,0
5,-2687712
6,252009
7,252063
8,-2633128
9,-2689824
0,-140125
1,280330
2,-2523780
3,-2776851
4,-140285
5,280620
6,-2722402
7,0
8,56152
9,-2780118
0,-2696448
1,-2584740
2,-2753996
3,-2642340
4,449888
5,140615
6,-2532060
7,-2532870
8,281490
9,-2646476
0,-2647040
1,-2534940
2,-2704512
3,281780
4,0
5,0
6,253818
7,-2736079
8,-2567292
9,-169320
0,169368
1,0
2,0
3,-2656158
4,-2600104
5,-2685650
6,-2714400
7,254520
8,-2573935
9,56580
0,-2744809
1,-113240
2,-2548530
3,-2492336
4,-2549700
5,-28337
6,-2664148
7,283490
8,-2381988
9,0
0,-2383164
1,0
2,-2554920
3,170376
4,-2584400
5,-113644
6,-2699710
7,113692
8,454864
9,-2673172
0,-2389716
1,455280
2,284630
3,-170832
4,-2705505
5,-2677778
6,-2564550
7,-2736000
8,-2679564
9,-2737056
0,-2680598
1,-2738496
2,-2768089
3,-2597595
4,-2626600
5,142770
6,171360
7,-2570940
8,-2828529
9,-2629084
0,-2572560
1,114364
2,-28598
3,0
4,-2718140
5,-2775752
6,171738
7,171780
8,0
9,0
0,-171930
1,257931
2,-28668
3,114696
4,258120
5,0
6,0
7,-2755104
8,-114820
9,-2698928
0,258453
1,287230
2,-2585790
3,0
4,-2731060
5,0
6,-2761344
7,-2733055
8,287740
9,-2590380
0,-2850012
1,-2821714
2,288000
3,-2621164
4,259299
5,-2766624
6,-2824752
7,-2767680
8,288370
9,-2855358
0,-2798353
1,0
2,-2741890
3,-2742555
4,-202139
5,-2426256
6,-2802524
7,-2774400
8,-2717446
9,-2747020
0,289240
1,-173604
2,0
3,-2865654
4,-2547864
5,-173778
6,0
7,-2608110
8,-2840432
9,-2840824
0,0
1,-2842098
2,-2610720
3,0
4,116084
5,0
6,-2845234
7,-2787648
8,0
9,0
0,0
1,58146
2,-2646098
3,-2821245
4,174564
5,-2735400
6,261972
7,58230
8,174750
9,-2767540
0,-2622600
1,-2623140
2,-145755
3,-2828229
4,-2653742
5,0
6,-29180
7,116744
8,-2802528
9,-2628000
0,467296
1,-2833564
2,-116876
3,-116904
4,175404
5,-2631690
6,0
7,0
8,0
9,-2751380
0,58550
1,-2635290
2,-2840645
3,-117168
4,263691
5,0
6,0
7,0
8,-2757114
9,264051
0,-2846562
1,-2641950
2,176184
3,293690
4,293740
5,0
6,-2762378
7,-29394
8,-2851703
9,-2675673
0,-2882082
1,-2706088
2,264780
3,-176586
4,-176622
5,-2797180
6,294510
7,-2857232
8,-2651670
9,-2858396
0,-2917728
1,-2711976
2,-2653830
3,-2654550
4,-29503
5,177060
6,472304
7,-177174
8,-2835360
9,-2688140
0,29545
1,-2659860
2,-118268
3,-2927529
4,0
5,-2692235
6,0
7,-2811905
8,-118432
9,-177690
0,266598
1,177768
2,-118548
3,0
4,-148285
5,-2670210
6,-2878475
7,-2938320
8,-2849760
9,-118772
0,-118808
1,178260
2,-2674620
3,0
4,-178410
5,267660
6,148720
7,356988
8,0
9,-2708160
0,178614
1,-2888078
2,-2501604
3,476656
4,-2920106
5,-2801764
6,0
7,-2863488
8,-119340
9,179052
0,179088
1,477680
2,298610
3,-2867136
4,-2897584
5,-179298
6,-2690100
7,-29898
8,149510
9,-2811634
0,-2513364
1,-2693610
2,269406
3,0
4,-2635424
5,179754
6,-179796
7,-2697480
8,-2698200
9,0
0,179994
1,0
2,480224
3,-2881728
4,-2702430
5,-2642904
6,300410
7,0
8,-2705220
9,-2735824
0,481104
1,-2827050
2,-2857790
3,-210630
4,0
5,-2710170
6,-180720
7,301250
8,-2862445
9,180858
0,-2894784
1,241264
2,150815
3,362052
4,-2987424
5,-2716560
6,-181164
7,181200
8,-2899872
9,151060
0,-30220
1,-181374
2,-2781436
3,-2781988
4,272196
5,0
6,-2723220
7,-2905536
8,0
9,181710
0,-2786772
1,-2969008
2,-2757300
3,-2879070
4,-2849516
5,0
6,-30329
7,-2669392
8,-2730870
9,-2913600
0,182154
1,0
2,-2915904
3,-2734470
4,273501
5,-2948121
6,182394
7,486512
8,304130
9,-2737890
0,-2921184
1,-2921760
2,-2739780
3,60904
4,182748
5,-2772497
6,-2955687
7,-2742840
8,121920
9,274374
0,-2561412
1,365964
2,-2897690
3,-2959276
4,-2746440
5,-3021480
6,-2564268
7,0
8,-2962574
9,305500
0,305570
1,-2873016
2,61148
3,183468
4,183516
5,-3028410
6,-183582
7,153005
8,306080
9,-122460
0,-2939520
1,-2817500
2,61260
3,490176
4,122572
5,-2758410
6,-30655
7,183972
8,367992
9,122692
0,-2883920
1,306900
2,0
3,0
4,-2794883
5,-2887586
6,-2918875
7,0
8,-2920300
9,30744
0,-3044151
1,0
2,-2707408
3,0
4,-2954880
5,-2770830
6,-3017714
7,-3048903
8,184842
9,0
0,-123296
1,-154155
2,-277533
3,-123384
4,-30852
5,-2900652
6,-2901592
7,-2902344
8,0
9,0
0,0
1,-2905164
2,309160
3,0
4,-3030944
5,-3031532
6,371316
7,185694
8,-3002441
9,-2786310
0,-2786670
1,0
2,-30981
3,-3036726
4,-2975616
5,-2790360
6,310100
7,-124080
8,279243
9,-3010201
0,-2917572
1,0
2,-2950035
3,-3074742
4,-2982336
5,279666
6,-2921614
7,0
8,186588
9,124420
0,0
1,-2614080
2,0
3,-186840
4,-2616264
5,186912
6,498512
7,186990
8,187062
9,0
0,280719
1,-2838836
2,187242
3,374556
4,-2934492
5,-124904
6,-2873344
7,-2811600
8,-2624664
9,-3062696
0,187572
1,-125092
2,281502
3,-2971980
4,-3066518
5,-125192
6,-187836
7,-3037264
8,-2819070
9,-2976255
0,-2977015
1,0
2,-3041144
3,-125444
4,-3011328
5,-3043569
6,-3012768
7,-156940
8,-2982525
9,-3014496
0,282672
1,-2953480
2,-2954326
3,282906
4,-2955360
5,-3081610
6,-31451
7,-3019872
8,-3083178
9,-220283
0,157365
1,314770
2,188904
3,-188958
4,0
5,0
6,283635
7,189138
8,315290
9,-2869685
0,-157705
1,-2839590
2,-3124044
3,-2840760
4,315720
5,-2778864
6,505344
7,189564
8,-2970776
9,189672
0,-3035328
1,379524
2,-2910144
3,0
4,-3038208
5,316540
6,-189972
7,316690
8,190068
9,-3073251
0,-190146
1,0
2,-2790480
3,63446
4,-2887339
5,190416
6,-2793384
7,0
8,-2890069
9,-3081205
0,-31772
1,-2860110
2,0
3,-158965
4,0
5,-3053760
6,-3086055
7,-2863890
8,318270
9,-3055872
0,-3151764
1,509456
2,-3057312
3,-2867130
4,254888
5,-2677080
6,-2900625
7,0
8,382692
9,318990
0,-2871630
1,-31914
2,127684
3,-2873520
4,-3065760
5,-3002642
6,-2875500
7,0
8,191808
9,319730
0,-2878470
1,-2878920
2,383976
3,0
4,320170
5,288207
6,512448
7,-3075360
8,0
9,-3108947
0,-2693124
1,-2886210
2,320750
3,0
4,192564
5,321000
6,-192642
7,-3114864
8,-2890890
9,-32130
0,0
1,192888
2,-2893680
3,-128636
4,-192996
5,0
6,0
7,193140
8,0
9,64404
0,-161035
1,0
2,0
3,-128924
4,-3159226
5,193452
6,-3096096
7,-2903310
8,-2710428
9,-3162754
0,0
1,258288
2,290628
3,0
4,-3036670
5,290826
6,193914
7,64648
8,-2909970
9,-2910510
0,-3137465
1,-2944032
2,-3170986
3,291258
4,-3107424
5,194256
6,323840
7,0
8,-2916540
9,-3143964
0,-2852696
1,291798
2,518848
3,-32436
4,0
5,0
6,324630
7,-2954861
8,0
9,0
0,162470
1,195000
2,-32505
3,-2926080
4,195126
5,195180
6,-2928330
7,-3124320
8,-195318
9,325610
0,-2931120
1,-3159775
2,-3160163
3,-3160648
4,-3194016
5,-3194506
6,0
7,326140
8,-3131616
9,-3197348
0,261048
1,0
2,293778
3,0
4,-2939040
5,195996
6,-32673
7,-2875840
8,326870
9,-2942550
0,130812
1,261656
2,-3238389
3,523472
4,-3141504
5,0
6,-196440
7,196476
8,131004
9,-163795
0,327640
1,-196656
2,393396
3,-2951010
4,-3082730
5,-164000
6,-196848
7,-2953350
8,-32820
9,196956
0,-3086208
1,328380
2,-131396
3,-131436
4,-32866
5,0
6,-2959560
7,-3157344
8,-3092412
9,-197442
0,-2764692
1,526688
2,-197550
3,197580
4,0
5,-2965320
6,164760
7,164785
8,-32965
9,164855
0,-32977
1,-3199157
2,-3166560
3,-3200030
4,-2771832
5,-132028
6,-132064
7,0
8,198216
9,-2973870
0,-2974500
1,-165285
2,-3008915
3,-3141745
4,-3109332
5,-2977560
6,66184
7,-198612
8,-2979990
9,66242
0,0
1,-2982240
2,-132580
3,-198942
4,-3017742
5,199050
6,298638
7,199134
8,-2987820
9,66406
0,265656
1,-3254776
2,-3122774
3,332290
4,-199440
5,-199482
6,-2992950
7,-3259578
8,-3127474
9,-2995110
0,-3195360
1,-3229324
2,-33299
3,-3130764
4,-2998170
5,-3198816
6,0
7,-133324
8,0
9,-3300858
0,166735
1,-3135652
2,-3236211
3,-133488
4,-3204480
5,166935
6,0
7,-3139976
8,0
9,-200520
0,300825
1,-133732
2,-3143642
3,-3010320
4,-3211488
5,200760
6,334710
7,334790
8,-2812824
9,-3014370
0,-3316203
1,-3149188
2,0
3,-3050411
4,-3251925
5,-33530
6,0
7,335480
8,201324
9,-3255126
0,-3020940
1,-134308
2,134336
3,-3258327
4,-3024000
5,168025
6,-3226656
7,0
8,-3161032
9,-3262401
0,-3262886
1,-3230304
2,302904
3,-3063242
4,-2828532
5,0
6,0
7,-3167894
8,-3067246
9,202278
0,-3102240
1,-3338676
2,202380
3,-3306030
4,0
5,-3273653
6,-33756
7,-2971232
8,202626
9,0
0,-3311126
1,-3311616
2,202806
3,-202860
4,-3280055
5,-3246624
6,-3044430
7,135324
8,-3349764
9,-3350160
0,203100
1,-3046950
2,0
3,-3251424
4,-3353526
5,-3049290
6,203328
7,-3321612
8,-3051180
9,406872
0,-3052080
1,-3052530
2,305307
3,-3087357
4,-3291404
5,-3258432
6,-135792
7,-2988040
8,339610
9,-169845
0,-3329452
1,-2854572
2,169940
3,-3263520
4,-34001
5,-204066
6,-3061440
7,68052
8,-3267360
9,170195
0,-34046
1,204324
2,-136256
3,-3338958
4,-2862720
5,204516
6,0
7,341030
8,-3069900
9,-3309252
0,170615
1,-34133
2,-3243110
3,307296
4,204924
5,-2869608
6,-3246055
7,-2870784
8,-3008104
9,0
0,0
1,0
2,-34211
3,68438
4,-3148608
5,0
6,-205500
7,0
8,-3083940
9,68540
0,0
1,0
2,-3086280
3,-205806
4,-3259165
5,-3294144
6,-3328943
7,549216
8,0
9,-206082
0,137412
1,206160
2,-3402135
3,206214
4,-3127943
5,-3300480
6,309474
7,-3335927
8,206376
9,-206430
0,-34411
1,206526
2,-3339322
3,-3270945
4,-3099420
5,309996
6,310032
7,-3273130
8,-34462
9,-3343202
0,0
1,310329
2,-3242060
3,-3104820
4,-3277785
5,-3347276
6,345150
7,-172610
8,0
9,310833
0,-3350671
1,-138212
2,0
3,0
4,-3284910
5,-3320064
6,-3251554
7,-34598
8,207624
9,-173055
0,-3115710
1,138500
2,0
3,-3428964
4,-207858
5,-34650
6,-207960
7,-2912280
8,0
9,-3364154
0,-3433914
1,-3157063
2,312300
3,-2915472
4,-3332832
5,277776
6,0
7,-3126780
8,312732
9,556080
0,208584
1,208638
2,-139124
3,0
4,-208782
5,174015
6,-243670
7,-139280
8,-3134520
9,-209028
0,348440
1,-34851
2,-3137220
3,-174320
4,-3451932
5,-3173534
6,-3348768
7,558224
8,418752
9,-3280882
0,174550
1,-139680
2,174620
3,-3143700
4,-3388695
5,-209664
6,-3320630
7,-3181178
8,559488
9,-3077712
0,-3078328
1,-3149190
2,-3184727
3,-210030
4,210054
5,-3151440
6,210138
7,-3187639
8,-2943024
9,-3294418
0,-3154680
1,-3225244
2,0
3,350700
4,-3227084
5,-3403051
6,0
7,0
8,315954
9,-3300716
0,-35120
1,-210774
2,0
3,-35147
4,421884
5,210984
6,-3165300
7,0
8,70380
9,-3167730
0,-3168360
1,-3380256
2,-2958312
3,211362
4,-3311996
5,-3453618
6,211482
7,-3489849
8,317295
9,-3314628
0,-3350460
1,-3174750
2,-211692
3,0
4,70610
5,211878
6,-176600
7,-3179250
8,-3215030
9,-3392352
0,-3180780
1,-3216577
2,-3181950
3,-3324122
4,0
5,-35379
6,-318456
7,-3220399
8,-212370
9,-35404
0,-3434673
1,-3435255
2,-3365090
3,-3330232
4,177170
5,-3118808
6,354470
7,-3332770
8,-3404448
9,-2979480
0,0
1,567760
2,319419
3,-3336624
4,0
5,213048
6,-3444858
7,-3516480
8,-2984184
9,-142128
0,-3127344
1,-3199140
2,0
3,-3449223
4,213390
5,-3343768
6,-213480
7,142348
8,-3203280
9,427152
0,0
1,-3276120
2,-3241238
3,570000
4,-3349408
5,-178185
6,178215
7,213894
8,-213948
9,0
0,-3389030
1,321111
2,0
3,-35697
4,-3356176
5,214284
6,214326
7,-3215970
8,-214464
9,-3360688
0,-3504186
1,71522
2,572288
3,357780
4,0
5,-322146
6,0
7,0
8,-3223260
9,0
0,214962
1,0
2,-143372
3,-3441312
4,358550
5,-3442656
6,430404
7,-3515554
8,358810
9,0
0,-3231360
1,-215490
2,359230
3,359290
4,0
5,-3558258
6,-3558654
7,575216
8,-3452256
9,-3452928
0,0
1,431832
2,-3563010
3,-3563703
4,324018
5,360090
6,-216114
7,216150
8,-216204
9,216252
0,72100
1,-3245130
2,-3245670
3,-3282461
4,144316
5,-3464448
6,-3465120
7,-3393588
8,-36109
9,-144468
0,-36123
1,180640
2,-325197
3,0
4,0
5,216936
6,0
7,-3182784
8,-3581028
9,-3545248
0,-217116
1,-3474720
2,144800
3,-3511982
4,-36212
5,-3295929
6,-217350
7,-3405714
8,-3333712
9,217458
0,-3298659
1,-3190352
2,-3589542
3,-36265
4,0
5,-3518966
6,-3483360
7,326619
8,-3194048
9,0
0,-3267720
1,0
2,0
3,0
4,581440
5,-36346
6,-218136
7,290880
8,327285
9,-3273210
0,363760
1,145528
2,-3274920
3,363970
4,-3530994
5,436896
6,-3277440
7,-3278340
8,-218610
9,72880
0,-3499008
1,-3280950
2,-3500736
3,-36474
4,218904
5,-3211120
6,72998
7,-3321864
8,-3358920
9,365190
0,-3433350
1,-3324321
2,-3069192
3,-3325504
4,-36550
5,-219366
6,219426
7,365760
8,182905
9,-3549036
0,0
1,-3367016
2,-3074904
3,366120
4,-3295890
5,0
6,-3626667
7,-3627162
8,-3224848
9,219906
0,-3519072
1,-3299850
2,183350
3,-3521088
4,-3558348
5,-3559027
6,-3449518
7,330327
8,0
9,-3304620
0,-3232064
1,-3306240
2,293936
3,-3454312
4,220548
5,-3639537
6,147072
7,0
8,-183915
9,-3458354
0,0
1,0
2,0
3,220932
4,0
5,0
6,-36848
7,0
8,368630
9,331830
0,368790
1,-3577651
2,73782
3,-36898
4,-221448
5,221484
6,369190
7,-3471044
8,-221616
9,-3472548
0,36946
1,221706
2,-3474052
3,0
4,0
5,369820
6,73974
7,-3107412
8,222000
9,370050
0,-148052
1,0
2,-3332160
3,-3554976
4,-3592395
5,-3555936
6,-3519465
7,370540
8,-3335580
9,-37070
0,370750
1,593344
2,-3412372
3,371010
4,222654
5,371170
6,222762
7,74270
8,222864
9,74304
0,185790
1,74330
2,74354
3,0
4,0
5,-3535140
6,-3610049
7,595584
8,-3611310
9,-3351420
0,-3128580
1,-3650696
2,-3353310
3,0
4,-3354750
5,0
6,74574
7,-3580224
8,-3356910
9,-3618488
0,-37311
1,373160
2,-3358890
3,0
4,-37336
5,0
6,-3361590
7,-3362490
8,373680
9,0
0,224304
1,186945
2,-186975
3,187005
4,0
5,-224508
6,336807
7,0
8,224640
9,-3669512
0,74896
1,-37454
2,224790
3,0
4,337311
5,-3411135
6,-3299384
7,-3524812
8,-3412955
9,-3300968
0,-3526504
1,-3714480
2,-3602496
3,-3527914
4,150152
5,-187715
6,375500
7,-3380130
8,-3643611
9,-3531768
0,0
1,-3420144
2,-3608736
3,75198
4,-3647685
5,-3648170
6,-3310208
7,225750
8,-3687740
9,-3161508
0,-3689112
1,376510
2,376590
3,225996
4,602752
5,226068
6,-3391650
7,339210
8,-263865
9,-3430700
0,-3657579
1,0
2,-37721
3,-3584065
4,0
5,0
6,-3623712
7,226542
8,-3398850
9,-3474932
0,-3588815
1,-3324992
2,-3401100
3,377980
4,340236
5,0
6,0
7,-3744576
8,605328
9,-3670189
0,-3594990
1,-37849
2,-3407130
3,0
4,-3673681
5,-3674166
6,-3636960
7,-3182844
8,-3751902
9,-3600975
0,-3412260
1,-3754179
2,-3678822
3,-3565702
4,227640
5,-151800
6,-3454269
7,0
8,-227850
9,0
0,-3760812
1,227988
2,228030
3,0
4,-3763782
5,228156
6,380350
7,-3499864
8,-3690656
9,-152224
0,380610
1,-3692596
2,0
3,-3655872
4,0
5,-3580930
6,-3429450
7,-3734682
8,152472
9,-152508
0,-3775167
1,381400
2,-38145
3,228918
4,-3663264
5,-3434940
6,-38175
7,-38182
8,381880
9,381920
0,0
1,-3362304
2,229320
3,-3784176
4,-3784770
5,382350
6,-3594560
7,-3671712
8,-3596064
9,-191310
0,-3711996
1,-3445020
2,-3369256
3,0
4,-3715100
5,-3639070
6,-3677856
7,229932
8,-3526268
9,76668
0,-3795462
1,-3795858
2,-3451410
3,-3758888
4,-3529212
5,-3453210
6,-3453840
7,230286
8,0
9,0
0,-38404
1,-3725576
2,230496
3,192105
4,-3227952
5,0
6,230658
7,-269164
8,153832
9,0
0,0
1,615664
2,-3694752
3,-3387296
4,-3234000
5,-3465630
6,77030
7,0
8,-3622102
9,-3700032
0,-3777606
1,-3546876
2,347067
3,-3471300
4,192875
5,-3472380
6,-3241560
7,-38597
8,-3512691
9,-3706272
0,-3475440
1,77246
2,-231810
3,-3632254
4,-3710112
5,-3633382
6,-3556628
7,0
8,-3480750
9,309464
0,-3752833
1,-154796
2,0
3,232296
4,232344
5,-232404
6,232452
7,-3642594
8,-38759
9,0
0,-3528252
1,-3528707
2,-3645696
3,-3491460
4,-3414488
5,-271642
6,388110
7,0
8,-3766025
9,38830
0,233034
1,-155392
2,-3729888
3,233154
4,-3497940
5,388730
6,388790
7,-3422056
8,0
9,-155612
0,-3735264
1,-3735744
2,-3813964
3,-3697685
4,-3737088
5,-233628
6,467352
7,-155820
8,-3545451
9,155872
0,350766
1,-3430944
2,-3509730
3,351018
4,-156040
5,-234114
6,-3512430
7,-156160
8,0
9,-3710415
0,-3515940
1,390730
2,0
3,-156368
4,-3518910
5,234654
6,-3794349
7,-156508
8,352206
9,0
0,-3523320
1,-3524040
2,-156656
3,0
4,-3721815
5,-39184
6,-3684048
7,-3762912
8,-156816
9,352890
0,156864
1,352998
2,-3805116
3,0
4,-3845716
5,-39248
6,-3572023
7,-3886542
8,-3573115
9,-3770304
0,-3849440
1,392890
2,-3300948
3,-3537360
4,-3812973
5,314512
6,-3853360
7,-3775488
8,-3697396
9,0
0,-3777408
1,236130
2,-236178
3,-3818696
4,-3780096
5,0
6,-236340
7,-3545820
8,-3310188
9,-3547530
0,0
1,-3470192
2,394410
3,394470
4,-3787680
5,-3591042
6,-3788832
7,-3553020
8,236898
9,-3791136
0,-39496
1,-3792288
2,0
3,-3556710
4,0
5,0
6,237252
7,-3796704
8,237342
9,-39564
0,-3838096
1,0
2,-3879036
3,-3602508
4,-3563280
5,-3564000
6,-237666
7,237714
8,-158508
9,-3725502
0,-3567690
1,396500
2,79314
3,-3807552
4,238020
5,-238074
6,-3730484
7,-3572460
8,-238224
9,198555
0,635536
1,635648
2,-3814752
3,-3855071
4,-278236
5,238554
6,-3340344
7,79552
8,238692
9,-3342108
0,-3660956
1,-3940002
2,-3900792
3,0
4,-3941883
5,0
6,-3743926
7,-3943467
8,-3944061
9,239076
0,-39850
1,-239142
2,-3348744
3,239250
4,239292
5,359001
6,0
7,-3830688
8,319264
9,-159672
0,399240
1,79858
2,0
3,-3834624
4,-3595590
5,0
6,-239850
7,199900
8,399870
9,-39993
0,240000
1,400080
2,0
3,400230
4,-3362520
5,-3843552
6,-3603780
7,480552
8,-240318
9,-3805605
0,-160264
1,-3886887
2,-3807220
3,-3847872
4,0
5,-3929506
6,240654
7,0
8,-3611160
9,-3892804
0,-3773254
1,401470
2,160624
3,0
4,0
5,361602
6,-3978117
7,-3657017
8,-3617640
9,-3537864
0,-3860256
1,-3659838
2,0
3,0
4,-3822705
5,-3863520
6,241518
7,0
8,402690
9,241644
0,0
1,-282016
2,-3908421
3,-3788106
4,-241842
5,-201575
6,-3629070
7,403290
8,-3710820
9,403420
0,242106
1,-3793840
2,0
3,-3674034
4,-3674489
5,0
6,-3998907
7,-3918703
8,-3676764
9,-3394692
0,363762
1,0
2,-3801266
3,-3923165
4,0
5,-3560568
6,-3722780
7,404740
8,-3643200
9,-242958
0,-3645000
1,-3645630
2,0
3,-162100
4,-3648150
5,0
6,-3933059
7,648896
8,-3650760
9,-243438
0,-243474
1,-243522
2,243588
3,-3410904
4,-3979878
5,-3696329
6,-3899904
7,0
8,-3697876
9,-3942371
0,-4024251
1,162620
2,243966
3,81338
4,0
5,406850
6,366210
7,-3906624
8,0
9,407120
0,162872
1,0
2,-162936
3,-3870395
4,407460
5,-3667860
6,407620
7,0
8,0
9,-3670830
0,0
1,-3917184
2,-3877140
3,367371
4,408240
5,0
6,-3961286
7,0
8,0
9,-3718260
0,0
1,-163500
2,163528
3,-3966136
4,-3884835
5,0
6,-3968076
7,-40916
8,-3723902
9,245580
0,409370
1,245664
2,-3685500
3,-204780
4,-3686850
5,163880
6,327792
7,409800
8,-40990
9,-3935616
0,-3977291
1,82028
2,82038
3,-41026
4,0
5,492468
6,-3940320
7,-3940992
8,246342
9,-3942048
0,246420
1,-3696750
2,0
3,-41088
4,-3698460
5,0
6,246672
7,246708
8,-3742466
9,246804
0,658240
1,-3456432
2,-3457272
3,246996
4,658752
5,329424
6,411840
7,-41190
8,-3954912
9,-3708360
0,-4038482
1,-3709710
2,0
3,-3793436
4,247440
5,0
6,-3877782
7,-3713310
8,247590
9,-3796840
0,206375
1,-3756571
2,-3468192
3,247770
4,0
5,-289198
6,247926
7,371952
8,371997
9,413380
0,0
1,0
2,82728
3,-206850
4,-248274
5,0
6,-3725280
7,248394
8,662480
9,-4058278
0,165676
1,-4018322
2,662912
3,414390
4,-3481716
5,-3979968
6,-3731850
7,-41474
8,-4065040
9,-3816804
0,-3734640
1,-3735270
2,-3777137
3,-4026761
4,0
5,-4069940
6,-4028992
7,83090
8,166196
9,249342
0,-3948580
1,-4032193
2,374193
3,374256
4,-3992544
5,-4034715
6,-3785873
7,-4035976
8,0
9,-3746070
0,416280
1,-3913502
2,666240
3,-166592
4,-4040438
5,-3916134
6,-4000032
7,-3750660
8,-4001280
9,-3752010
0,0
1,-3753180
2,417070
3,417170
4,250350
5,0
6,375633
7,-3923842
8,125241
9,375777
0,-292320
1,-3926192
2,-3926756
3,83564
4,-4095322
5,-4053921
6,0
7,-4013184
8,0
9,-3847164
0,376407
1,-167332
2,-4100222
3,418440
4,0
5,0
6,-4102868
7,-41873
8,670080
9,167540
0,-3937754
1,-167600
2,-4064979
3,-3771990
4,-167680
5,-4025280
6,-4025856
7,-4026912
8,377577
9,-4070023
0,-4070605
1,-3777660
2,-3778380
3,-3946872
4,-251976
5,0
6,-3780990
7,-3823456
8,-378180
9,-4076619
0,-3782970
1,-3783600
2,0
3,252348
4,-3785850
5,-4038912
6,-3787290
7,-3998170
8,-3788460
9,-3999405
0,-3789810
1,-4001115
2,-3833193
3,-3960032
4,-4044864
5,-3540012
6,-4046688
7,-4089229
8,-253002
9,-3542616
0,-168744
1,-3797460
2,253224
3,168836
4,-4094758
5,-4053312
6,-168920
7,168944
8,-4097571
9,169004
0,-253554
1,0
2,0
3,676528
4,-4017360
5,-42296
6,-3807270
7,-380772
8,-169260
9,0
0,0
1,254064
2,-42349
3,-4023725
4,-3897396
5,677920
6,-3856398
7,-3899236
8,0
9,-169604
0,-4155984
1,-4198788
2,-4114449
3,-3563616
4,424300
5,-4200966
6,-3989360
7,-4117068
8,-3565968
9,-3821400
0,-4119299
1,0
2,382311
3,-3866044
4,-254952
5,-4122209
6,-3995470
7,0
8,255144
9,255186
0,425390
1,425450
2,-3829860
3,-4086048
4,-170280
5,425760
6,0
7,383301
8,255582
9,-3834270
0,-298291
1,-3580332
2,-213145
3,-3837600
4,-4179308
5,-3838770
6,0
7,0
8,426750
9,170724
0,0
1,-3842640
2,-4142288
3,-4142773
4,-170864
5,-170888
6,512736
7,256416
8,-3761208
9,-4146362
0,-4104288
1,-3890978
2,427630
3,-3849300
4,-3593436
5,256716
6,385119
7,0
8,256854
9,-4195772
0,0
1,385461
2,-171356
3,257082
4,-3899805
5,428630
6,214350
7,428760
8,-3902171
9,257334
0,-3775024
1,-4161785
2,-3904901
3,343328
4,-3863070
5,0
6,429350
7,0
8,-42951
9,-4037958
0,343696
1,687488
2,386775
3,-4212040
4,-171948
5,-300951
6,0
7,-258078
8,387162
9,-3915366
0,-3615024
1,-4132320
2,0
3,172236
4,-3875850
5,516876
6,-3877200
7,-4136064
8,172372
9,-4137408
0,258648
1,-301791
2,0
3,-3623004
4,-172552
5,-4098680
6,-4142496
7,-4143168
8,-4273236
9,-172688
0,0
1,-4146240
2,-4189915
3,-43203
4,-259266
5,-4192049
6,-4278978
7,518724
8,0
9,-3892050
0,692032
1,-3893400
2,-4110175
3,-4197287
4,-3938207
5,86572
6,-4199227
7,0
8,433030
9,0
0,-4158624
1,259950
2,-3900060
3,-173372
4,-173416
5,-260154
6,-3903120
7,-4120530
8,-4164672
9,390492
0,-4209121
1,-3906180
2,0
3,-4081198
4,-4168704
5,-260580
6,260616
7,0
8,-4257904
9,695264
0,0
1,0
2,260850
3,-173932
4,-3914010
5,-4088624
6,-4089376
7,435100
8,-3960047
9,-4178208
0,-4091914
1,-4266430
2,-3918960
3,-3832400
4,0
5,392049
6,-4269566
7,0
8,-4226969
9,-3965871
0,348680
1,435910
2,-4228909
3,174404
4,0
5,0
6,-43626
7,-43634
8,261840
9,436470
0,-4103382
1,-4234826
2,0
3,262062
4,-3931560
5,262164
6,-3845688
7,0
8,0
9,437250
0,437330
1,262434
2,-4243168
3,218745
4,-4200576
5,0
6,0
7,-4027576
8,-262722
9,-3678864
0,175212
1,0
2,-4250249
3,-4294654
4,-3681720
5,-263028
6,438450
7,-4253547
8,175424
9,438610
0,0
1,87744
2,-3686004
3,263340
4,0
5,175612
6,0
7,-263496
8,-3996993
9,-263586
0,219690
1,-175784
2,-4219200
3,-4043860
4,-4132428
5,-175884
6,-4353624
7,-4310236
8,-4266836
9,-4355307
0,-4312098
1,220035
2,0
3,-176084
4,-176124
5,264234
6,0
7,-44049
8,-176244
9,-3966210
0,-4319252
1,-4055268
2,-44086
3,0
4,-264624
5,-4146622
6,-4235520
7,-3971700
8,-3972510
9,-3884760
0,-4150194
1,264960
2,-4240032
3,-4240608
4,-4241376
5,-265134
6,397764
7,-4375899
8,-4288079
9,-44215
0,-265326
1,398034
2,221155
3,0
4,-3982140
5,-3717420
6,265584
7,265626
8,398493
9,-4251168
0,-3986190
1,-4164200
2,354440
3,-4342380
4,-4032665
5,-221600
6,-4166738
7,-3989970
8,-3990690
9,-3902624
0,-3991770
1,-221800
2,-3992940
3,-44371
4,-3727752
5,-4260864
6,-4216955
7,-4040036
8,-4174070
9,-3730608
0,266508
1,-3731700
2,-4309613
3,444370
4,444430
5,444510
6,-4312329
7,-4357472
8,266832
9,-4403223
0,266916
1,266946
2,-3738000
3,400563
4,-3739428
5,-4007430
6,-4275168
7,-178168
8,-4276800
9,-178248
0,-178272
1,267450
2,-4190708
3,-4280640
4,-4013730
5,713664
6,-4193434
7,-4194092
8,-44623
9,-4195220
0,401724
1,-44645
2,-4375798
3,-4287456
4,402003
5,0
6,-4334154
7,-4379522
8,-4112032
9,447030
0,0
1,-268308
2,-4382756
3,-4294080
4,-4294752
5,-4026870
6,-4206782
7,-4252105
8,179060
9,447710
0,89558
1,-4299456
2,-4389518
3,-4390008
4,-4345600
5,-179240
6,-4212986
7,448250
8,-4214302
9,0
0,0
1,0
2,269208
3,0
4,403920
5,-3950056
6,-179588
7,0
8,-4356173
9,-4042530
0,0
1,-4358404
2,-4314144
3,269670
4,-4225394
5,-4046220
6,449660
7,-269844
8,-4228214
9,-4318752
0,-3779580
1,-270018
2,-4321152
3,0
4,-4232632
5,-4053420
6,0
7,-270336
8,-4371111
9,180276
0,-4237708
1,450900
2,450990
3,-4059270
4,0
5,-180496
6,-4377610
7,-4062330
8,-4378968
9,-270912
0,451580
1,406476
2,90340
3,-4066200
4,-4292575
5,-4338816
6,0
7,-4114474
8,-4250962
9,-4387407
0,-4388086
1,-4343520
2,-4253688
3,0
4,135801
5,-45274
6,407502
7,226410
8,-4302360
9,-4076460
0,-3986400
1,-4349376
2,-4485789
3,-4350336
4,453220
5,407952
6,-4261490
7,-4080870
8,272106
9,0
0,-4083030
1,-226890
2,-4402151
3,453900
4,-4312620
5,-4358688
6,90826
7,0
8,0
9,545232
0,545316
1,-4317845
2,-181840
3,-4410008
4,-181884
5,-4138498
6,-4412239
7,363944
8,-227505
9,-4368576
0,-45514
1,-4096890
2,-4097700
3,-3825108
4,-4417574
5,-3826284
6,-3827124
7,-4101030
8,-4511529
9,-45579
0,273522
1,-4149145
2,-4423297
3,-4332570
4,0
5,0
6,-4015528
7,410733
8,-4199064
9,456520
0,547896
1,0
2,-4475464
3,-45674
4,228395
5,-4431251
6,-4112010
7,-4386912
8,0
9,0
0,0
1,0
2,457330
3,274440
4,-3842664
5,-3843336
6,-274590
7,0
8,-4395264
9,412110
0,-4305012
1,0
2,0
3,-4032160
4,0
5,-4125150
6,-183364
7,0
8,0
9,-4127850
0,-4449487
1,0
2,183528
3,-4175899
4,0
5,459050
6,0
7,-275526
8,-4363255
9,-4547466
0,-45940
1,-183800
2,0
3,-4320428
4,735488
5,0
6,45981
7,413883
8,0
9,-4140360
0,460100
1,-3865344
2,276132
3,-46032
4,46037
5,-4327948
6,-184196
7,-276342
8,-4468111
9,-184288
0,-4423392
1,-4147650
2,0
3,-4425696
4,553260
5,461110
6,-4150800
7,-4428000
8,-46132
9,-3875592
0,738320
1,276900
2,-4154310
3,-4477811
4,-4155390
5,-4340732
6,-4156560
7,-4480236
8,-277176
9,-46201
0,-4436064
1,415935
2,-4160070
3,-4160700
4,-4485086
5,-4439520
6,-185012
7,-4163310
8,0
9,0
0,0
1,-277716
2,0
3,0
4,-46311
5,92650
6,-185328
7,-185352
8,-46346
9,-324492
0,-4358028
1,185472
2,0
3,0
4,556668
5,-46397
6,-278442
7,-4502061
8,-4223947
9,278532
0,278556
1,0
2,0
3,-232245
4,0
5,278790
6,464700
7,-4183200
8,-4090944
9,-4091824
0,0
1,-4186350
2,418698
3,-4234230
4,0
5,279282
6,232760
7,279354
8,745088
9,-4564154
0,-4378708
1,-3913476
2,419364
3,279612
4,-186448
5,-4382280
6,-46626
7,0
8,-4523983
9,-4198410
0,-279948
1,-4526311
2,0
3,-326718
4,-4388108
5,-3922212
6,280188
7,-4623696
8,-4484064
9,-3924312
0,93456
1,-4112592
2,0
3,-4254341
4,0
5,0
6,-3929268
7,280704
8,-4117784
9,-4539406
0,-4446285
1,-4633992
2,0
3,-374584
4,-4542510
5,-4215600
6,281082
7,0
8,-4498656
9,0
0,-4499904
1,-4500384
2,-281310
3,-4220190
4,-4127112
5,-4549688
6,-4222170
7,-4410386
8,-281574
9,187748
0,-234725
1,-4272541
2,-4508256
3,-281814
4,422766
5,0
6,0
7,-4417812
8,0
9,-4231260
0,-4231890
1,-4514976
2,94074
3,-4233960
4,-4234860
5,0
6,-47072
7,423702
8,-4567342
9,235455
0,470970
1,0
2,-4569767
3,565392
4,-4476685
5,-4288830
6,471370
7,0
8,-282942
9,-4244850
0,-4528512
1,0
2,0
3,0
4,-4532064
5,-4579758
6,-188896
7,-4581310
8,-4534560
9,472400
0,283482
1,283518
2,-4536864
3,-4254210
4,-4443944
5,-189144
6,-4682007
7,-4635204
8,-4351968
9,756976
0,-4448080
1,-4543488
2,-4544064
3,284040
4,-4261230
5,-189420
6,0
7,-47370
8,-4548288
9,0
0,-4691808
1,-284400
2,-237030
3,-284478
4,-4173136
5,-331996
6,237165
7,284652
8,-4649904
9,-4271130
0,0
1,-4557312
2,-4463308
3,-4273830
4,-4464248
5,-190000
6,0
7,237560
8,-4467162
9,760480
0,0
1,0
2,-4517345
3,285336
4,-4280850
5,-4328779
6,-3996552
7,-4710618
8,-4330599
9,-4330963
0,-4569504
1,-4569888
2,0
3,-4285350
4,-285738
5,476290
6,-4334603
7,476400
8,285888
9,-47655
0,-4289580
1,-190684
2,0
3,-4482390
4,286158
5,-286212
6,-4007472
7,429426
8,286338
9,-190936
0,-4726062
1,477450
2,-4631653
3,0
4,286602
5,-191096
6,-4300020
7,-4300830
8,-4588224
9,-4589088
0,-4350892
1,-4351529
2,-4352075
3,478330
4,-4353349
5,-47844
6,191408
7,0
8,-4308210
9,-191504
0,-4357171
1,-287334
2,-4741506
3,-4694102
4,766480
5,-4599360
6,431262
7,-4648725
8,-4313880
9,-4649889
0,0
1,0
2,-4508710
3,-4557150
4,0
5,-287922
6,0
7,288024
8,288078
9,432180
0,576336
1,0
2,-4612704
3,0
4,-4326030
5,-48073
6,288480
7,-4616352
8,96190
9,-4617792
0,-4666282
1,481130
2,0
3,-4331880
4,-4573205
5,577740
6,-4333500
7,-4767444
8,-48163
9,-4672393
0,-4624800
1,-4529108
2,-4626144
3,-4723110
4,0
5,385672
6,-4629312
7,289374
8,578832
9,-4535312
0,-4535876
1,0
2,-48271
3,-48279
4,0
5,0
6,-4685585
7,-193248
8,-4638336
9,434898
0,-4784571
1,0
2,-4544336
3,-4641888
4,483580
5,580380
6,-4547062
7,-4741240
8,290328
9,-4355550
0,-4356270
1,290460
2,-4792986
3,-4454732
4,-4745748
5,-4649472
6,-4359690
7,-4408768
8,-290730
9,-4555710
0,-4750060
1,-4459792
2,290898
3,-4655136
4,-4413045
5,-4365270
6,436581
7,242565
8,-4366890
9,-4416139
0,-4659360
1,-4368780
2,485500
3,0
4,-4710514
5,291426
6,485780
7,-4372650
8,437328
9,-4471016
0,-4471568
1,-4083324
2,-4423965
3,-4375980
4,-4425330
5,-4280056
6,-4621085
7,-4378500
8,291948
9,-48664
0,0
1,292086
2,243420
3,-4382100
4,-4383000
5,194820
6,-4384080
7,-4384710
8,487260
9,438579
0,243690
1,-4582124
2,292518
3,-4778186
4,487630
5,-4096680
6,-292674
7,-4439799
8,-4440345
9,-4685088
0,-4392810
1,-4588798
2,-4589550
3,-4736510
4,488350
5,97682
6,-4738062
7,0
8,-4397670
9,-4593780
0,488760
1,-4692672
2,0
3,440046
4,489010
5,-4841694
6,-4108608
7,195696
8,-4648445
9,0
0,-4111464
1,-48953
2,0
3,-4113312
4,-195924
5,0
6,0
7,-4410540
8,490130
9,294114
0,-4314816
1,-4413690
2,-49049
3,294342
4,-4416030
5,294456
6,-4417380
7,-4418100
8,-4418730
9,0
0,245565
1,98236
2,-4716096
3,-4618690
4,-196584
5,-49153
6,-4424400
7,-196664
8,295026
9,-49178
0,-4475562
1,-4722336
2,-4428000
3,0
4,-4724544
5,246090
6,0
7,-4726272
8,-295440
9,492460
0,-4629782
1,197028
2,0
3,246360
4,-197136
5,-4731936
6,-4880205
7,-49303
8,98624
9,0
0,-4833948
1,493310
2,-197356
3,296088
4,-4738176
5,-4146492
6,49368
7,296244
8,-4444380
9,-4889214
0,-197580
1,0
2,296478
3,296526
4,197720
5,0
6,-4647642
7,-4796359
8,-4500041
9,494580
0,-4451940
1,0
2,593736
3,494840
4,0
5,-297018
6,-198044
7,297126
8,-4803925
9,49530
0,148605
1,-4805283
2,0
3,-4509141
4,-49558
5,-346941
6,495700
7,446184
8,495890
9,198384
0,793664
1,99220
2,-4465710
3,-198508
4,-49636
5,148926
6,-4567800
7,297930
8,-4866680
9,0
0,-4520334
1,99368
2,0
3,-4771392
4,-4673022
5,-4723305
6,-4524793
7,-298374
8,298434
9,497460
0,199008
1,-4478220
2,-4777440
3,-4479480
4,0
5,-4480830
6,-199172
7,-4731095
8,298842
9,-4483080
0,-4931784
1,-4782912
2,-4384864
3,0
4,199376
5,-4536350
6,0
7,-4388472
8,-4488840
9,0
0,-4789632
1,-4690506
2,-249530
3,-4492080
4,-4392784
5,-4493340
6,-4743540
7,-199764
8,99902
9,-4845732
0,-299766
1,299808
2,0
3,499820
4,299928
5,449946
6,-200000
7,0
8,-50016
9,800368
0,0
1,-4803648
2,300276
3,0
4,300348
5,-4706016
6,-4406336
7,-4907546
8,-200336
9,-50092
0,-4408624
1,-50106
2,-300702
3,-4861834
4,0
5,300816
6,601704
7,501500
8,0
9,501640
0,-4966632
1,301044
2,-200720
3,-4817760
4,-200772
5,301194
6,-4769570
7,-50213
8,-4821312
9,-50229
0,803776
1,251200
2,-4873668
3,-4874250
4,-4523220
5,0
6,804384
7,502800
8,-4525920
9,-301770
0,-4778785
1,-4527810
2,-4528350
3,-4529070
4,-4932242
5,-4932830
6,-201384
7,-4531860
8,-4230408
9,-4885599
0,302244
1,-4836672
2,0
3,-4888412
4,302412
5,-201644
6,302514
7,-4840896
8,302598
9,-4942826
0,-4590131
1,302706
2,807328
3,-353255
4,-4795030
5,-4846176
6,302916
7,-4897724
8,-4898306
9,-4848480
0,202048
1,-4647656
2,252630
3,101068
4,-4447432
5,-202192
6,-4246620
7,505620
8,-4247712
9,0
0,-5007618
1,0
2,0
3,506080
4,-4757716
5,-303732
6,-4607512
7,0
8,0
9,-4609605
0,-4559400
1,-50666
2,-5016429
3,506770
4,-354795
5,-253465
6,253505
7,-4918579
8,-4868832
9,507240
0,-4616248
1,0
2,-4262580
3,0
4,-4264008
5,-253835
6,-50775
7,-4875168
8,-4876128
9,304800
0,-4572990
1,0
2,-4574340
3,-4270392
4,-4626622
5,-305112
6,-203440
7,-4476384
8,0
9,-4783096
0,-4936427
1,-4886016
2,101806
3,0
4,-4939240
5,458334
6,-50933
7,0
8,305676
9,-4585680
0,0
1,509670
2,0
3,0
4,-4945448
5,458919
6,102002
7,-204040
8,-4591260
9,153060
0,0
1,-4848420
2,306258
3,-4951559
4,0
5,-4952432
6,0
7,102142
8,102154
9,-4801896
0,-306534
1,102198
2,-4957185
3,0
4,-4652011
5,511270
6,306798
7,-4858110
8,-4602870
9,-204600
0,-4910880
1,-4604580
2,0
3,-51176
4,460620
5,-4606830
6,0
7,-4915488
8,0
9,-51218
0,307362
1,-204936
2,-4611690
3,-5022010
4,-256265
5,-5074542
6,205048
7,-4972996
8,0
9,-4871600
0,0
1,-4667845
2,-205208
3,0
4,-4618800
5,461943
6,-4620420
7,102696
8,-205424
9,-205456
0,0
1,-5034848
2,-4316088
3,-4984442
4,256950
5,-308394
6,0
7,0
8,0
9,514350
0,-205772
1,0
2,-4631400
3,205864
4,-4838368
5,0
6,-4633830
7,-4891740
8,0
9,0
0,-4635990
1,-51518
2,412176
3,-4843820
4,412280
5,515440
6,-4330452
7,-309360
8,618804
9,-4744716
0,515780
1,-4642560
2,-4849460
3,-4953024
4,0
5,0
6,0
7,51623
8,-4646790
9,309828
0,-4957824
1,-361550
2,-5010826
3,-206668
4,516740
5,516810
6,-5013445
7,-4652370
8,103404
9,-4653810
0,-51716
1,-4655160
2,-4655790
3,517380
4,-310500
5,-4554792
6,414112
7,310620
8,310680
9,-258930
0,-4920145
1,0
2,-4662720
3,-4663170
4,-4974624
5,466425
6,-4665060
7,0
8,-4666500
9,-4770844
0,-4356744
1,0
2,-311310
3,-4877942
4,-4722809
5,-4983072
6,0
7,-4673070
8,519300
9,-5037598
0,311640
1,0
2,-51954
3,-207856
4,-4988928
5,0
6,-4678560
7,0
8,-4992096
9,-4992672
0,0
1,0
2,-364224
3,0
4,0
5,-208240
6,0
7,468657
8,-208344
9,-5000832
0,-5001600
1,-52108
2,469017
3,312714
4,-260635
5,0
6,260705
7,-5058356
8,0
9,521660
0,-5060684
1,208716
2,-5009856
3,0
4,260990
5,-4698540
6,469890
7,-4751474
8,-5012928
9,313338
0,522320
1,313428
2,0
3,-4598264
4,209032
5,313578
6,-5070287
7,-4705110
8,-4705920
9,-209184
0,-313806
1,-5021472
2,-4917422
3,-52321
4,0
5,0
6,-4710780
7,-4711590
8,-4764760
9,-209496
0,-5185422
1,314310
2,314358
3,0
4,52408
5,628944
6,-4979805
7,314556
8,314610
9,-4929642
0,0
1,0
2,-4722750
3,-4933402
4,-5196312
5,104990
6,840000
7,105016
8,-4936598
9,-4412016
0,-5147842
1,-210156
2,-5044320
3,-5097447
4,525560
5,-473040
6,-4835980
7,-5151860
8,-4732200
9,0
0,-5049120
1,-4628888
2,-5155290
3,210440
4,526160
5,-263120
6,842048
7,105282
8,-5106662
9,0
0,-210656
1,-210692
2,526790
3,474174
4,0
5,-5112191
6,-4743900
7,0
8,-5219676
9,-5062080
0,527360
1,0
2,-4958594
3,844128
4,-369348
5,-4802161
6,316686
7,527870
8,-4804163
9,0
0,-5069664
1,-211272
2,-5018280
3,-211328
4,-5178124
5,0
6,317112
7,211424
8,-4968934
9,475803
0,-5181358
1,528760
2,-5076480
3,317328
4,-5183612
5,846432
6,317466
7,476244
8,-5080704
9,-5134113
0,-317628
1,-5241357
2,0
3,-264800
4,317832
5,0
6,-52986
7,-5087616
8,-4452420
9,-5089248
0,-4983786
1,-5196548
2,-4772970
3,0
4,-4668488
5,-5093856
6,-4776030
7,-5201056
8,530800
9,477774
0,-4778460
1,-53102
2,-4779900
3,318714
4,-5100192
5,-5101056
6,106290
7,-318912
8,-5262444
9,-5103648
0,531690
1,0
2,-265915
3,0
4,425592
5,638448
6,-372463
7,-4842565
8,-5162534
9,479052
0,-53233
1,-4791690
2,319494
3,532570
4,-4793940
5,-4848025
6,-213136
7,-4796190
8,479664
9,106608
0,-4798080
1,-5278482
2,-5278977
3,-53330
4,533360
5,533430
6,320112
7,-5175532
8,-53363
9,320238
0,0
1,320352
2,-4806090
3,-320454
4,854672
5,320550
6,267155
7,-5023078
8,-4916756
9,0
0,-5238884
1,-213876
2,-4705888
3,-374374
4,-5134848
5,320970
6,321012
7,535100
8,-5084115
9,-5298579
0,-53525
1,535310
2,481833
3,-5140128
4,535490
5,160662
6,-5142048
7,-5035674
8,-4822020
9,0
0,-5198424
1,-5306103
2,-5092190
3,268035
4,107226
5,-4718736
6,321804
7,-5095895
8,482832
9,214620
0,-4722256
1,-5205796
2,-5152704
3,268400
4,-4832100
5,483264
6,-5047894
7,268535
8,214848
9,-5156928
0,-5211325
1,-53733
2,0
3,483723
4,-4515252
5,483849
6,-5161632
7,-4732024
8,-4840200
9,-5271126
0,537930
1,0
2,430472
3,538150
4,430568
5,484452
6,323010
7,484569
8,-215392
9,-4900714
0,0
1,-5063404
2,538740
3,-4849380
4,538900
5,-215592
6,0
7,485208
8,0
9,269630
0,-5231307
1,862992
2,0
3,-53956
4,0
5,-5289158
6,107952
7,-5182368
8,-4913181
9,-4913545
0,-216016
1,0
2,-4862070
3,-4916821
4,-216152
5,-4539864
6,-5297194
7,-324372
8,-5244402
9,-5082674
0,-324492
1,0
2,865568
3,-5302094
4,-5140260
5,0
6,541190
7,-5088032
8,-4872420
9,-5089536
0,541520
1,0
2,487548
3,-4876380
4,-5310228
5,541930
6,-5203200
7,0
8,-4554312
9,-325356
0,488088
1,325428
2,0
3,0
4,-5100816
5,-5264287
6,-4939298
7,542850
8,-5266324
9,-5212704
0,-4887720
1,271575
2,869168
3,-5378472
4,0
5,-4999372
6,-4891140
7,-5326496
8,-54362
9,-5110686
0,-5328848
1,326292
2,-326352
3,-54401
4,326466
5,326514
6,-5279128
7,-326598
8,0
9,544510
0,-4792392
1,0
2,-5229600
3,272400
4,-272425
5,326946
6,0
7,327054
8,-5233536
9,0
0,0
1,-327240
2,327276
3,-5237088
4,-54559
5,-5292708
6,0
7,327474
8,-218352
9,-218392
0,-218424
1,-5297170
2,-5243232
3,327732
4,-273140
5,-5135878
6,-4590012
7,-4809024
8,874496
9,-54660
0,-4920210
1,328056
2,546840
3,492201
4,164082
5,-4595304
6,-4924080
7,-4924620
8,547250
9,-5363540
0,-328422
1,-4926870
2,-5310750
3,328542
4,-5421339
5,-5421834
6,-4929750
7,-5313563
8,-5149884
9,-4821784
0,-4986709
1,-5316085
2,328872
3,-4988347
4,-4934250
5,493488
6,329040
7,-54846
8,-5265600
9,-5266176
0,493749
1,-5322196
2,-5267904
3,-54881
4,0
5,-5434407
6,0
7,-4612440
8,274570
9,-5162574
0,-5327822
1,329580
2,659208
3,0
4,-5000268
5,0
6,-5221200
7,-219876
8,329874
9,-5333545
0,-5169060
1,-5279808
2,-5335679
3,0
4,-4951980
5,0
6,495351
7,110094
8,330318
9,-4955400
0,-5286240
1,-4846424
2,-5397546
3,330528
4,-5289408
5,-4959540
6,0
7,-4961160
8,275655
9,0
0,-4963320
1,-4853816
2,-220652
3,-5351587
4,551770
5,331104
6,551910
7,662364
8,331212
9,662508
0,-4638228
1,-331356
2,0
3,-220972
4,-5193406
5,331530
6,0
7,884320
8,-331674
9,-221160
0,331794
1,-4977360
2,-4646208
3,-276590
4,110652
5,-276660
6,0
7,0
8,-5369532
9,0
0,-4983210
1,-332262
2,553820
3,-4984920
4,-4985640
5,332406
6,-221648
7,-5320224
8,-4877664
9,-5266325
0,554430
1,-5433904
2,-4990770
3,166374
4,-5269175
5,332838
6,277390
7,332904
8,0
9,0
0,-4995540
1,55510
2,-4996440
3,-4996890
4,-4997610
5,555350
6,-55543
7,-5054959
8,-4999950
9,-5223298
0,0
1,-4668720
2,889408
3,-5503608
4,-5226494
5,0
6,556140
7,-5061420
8,0
9,-5007420
0,0
1,-5287035
2,333966
3,501003
4,-222692
5,-5011380
6,-4900544
7,556960
8,-5347680
9,-5292450
0,-5293020
1,0
2,55730
3,-5351040
4,-4682580
5,892032
6,-5129552
7,-5241534
8,-5019300
9,892400
0,-5410660
1,-55788
2,-5411921
3,502182
4,-5022540
5,-5023170
6,-5079802
7,-223348
8,-5472810
9,-5473398
0,-5529645
1,-5251216
2,-335226
3,-5252720
4,0
5,-5421718
6,-5254882
7,-5534892
8,0
9,111840
0,-335556
1,-5034150
2,0
3,-223804
4,111916
5,0
6,111946
7,279890
8,-5262496
9,503901
0,-5039730
1,-5264658
2,-392098
3,-5321900
4,-5042610
5,336216
6,-5436074
7,336294
8,-56058
9,0
0,-5271050
1,-5271802
2,-5384736
3,-5104827
4,224420
5,561120
6,-5050530
7,-224496
8,-5051880
9,280690
0,-5109104
1,561510
2,-5391072
3,-5054760
4,-5055570
5,-224732
6,280935
7,-5057550
8,-224808
9,-5114746
0,-5059080
1,-5397120
2,0
3,0
4,0
5,-5287782
6,0
7,-5570631
8,-5346315
9,-4728108
0,112582
1,-5348310
2,337842
3,-4730292
4,225276
5,-4956688
6,-5069970
7,-5464786
8,-5127304
9,-5353250
0,-338148
1,-5410848
2,0
3,0
4,0
5,-5131581
6,338376
7,338406
8,225632
9,0
0,-394940
1,-56426
2,-5304890
3,-4741212
4,903232
5,282290
6,282320
7,-4743564
8,0
9,-5083650
0,-225980
1,282495
2,-282535
3,-4973232
4,-56520
5,-339168
6,-5483992
7,0
8,226192
9,-5485544
0,-56559
1,-226268
2,-282880
3,-5431968
4,-226364
5,-226400
6,-5490685
7,-56611
8,0
9,-5153603
0,566380
1,0
2,0
3,0
4,510066
5,-226732
6,-5102100
7,-5102910
8,-5216768
9,-5104260
0,-5104710
1,-5502228
2,-5333090
3,-5106870
4,-56750
5,-5335158
6,-5336098
7,-5109750
8,-56782
9,-5167617
0,-56793
1,-5509503
2,-5169164
3,-5169619
4,-56815
5,0
6,-5228360
7,-5115600
8,-341112
9,-341160
0,0
1,-5005440
2,-5120190
3,-5462688
4,-5349446
5,-56916
6,284605
7,-5123430
8,0
9,341658
0,113900
1,-5467872
2,-341784
3,56968
4,-227912
5,-5470368
6,-5185817
7,911920
8,285010
9,-5016704
0,-5587274
1,-228096
2,570290
3,0
4,-5590312
5,285255
6,-342348
7,570660
8,513648
9,-5137290
0,-57090
1,-5481504
2,-5139540
3,342690
4,0
5,342792
6,-5142690
7,-400043
8,-228632
9,-5145120
0,-228700
1,-5489856
2,-5490432
3,-285985
4,-5548594
5,915376
6,343308
7,343374
8,-5494560
9,915856
0,-5495712
1,-5210023
2,-4809756
3,0
4,-343662
5,-5155830
6,572930
7,343812
8,-5616282
9,-5673987
0,573200
1,-5159610
2,0
3,-5390242
4,344124
5,573610
6,573690
7,-5393344
8,918080
9,516465
0,344346
1,-5165820
2,0
3,-5052256
4,-4823280
5,0
6,-287180
7,0
8,344730
9,0
0,517230
1,0
2,-5518080
3,-5231135
4,-5059384
5,-5405094
6,-57507
7,0
8,-5407256
9,0
0,517833
1,287710
2,230196
3,0
4,-5583417
5,-5411392
6,345456
7,-5240235
8,575920
9,-4838568
0,-5530368
1,-5185440
2,0
3,-5417314
4,-5475610
5,345852
6,-57648
7,518904
8,-5535840
9,-5536320
0,-346074
1,0
2,0
3,-57703
4,-5193720
5,-5482735
6,-5598549
7,346380
8,288670
9,-5427748
0,346500
1,-5313736
2,-5199120
3,-231104
4,-5604854
5,-5432072
6,-346782
7,0
8,-5434234
9,-5203710
0,-5204070
1,-5551584
2,-5552064
3,0
4,-5495655
5,-5612129
6,-5207670
7,-5555520
8,0
9,-5557056
0,-5210190
1,-5211000
2,-57906
3,0
4,-231696
5,-5561184
6,-5214240
7,-5620180
8,579470
9,-5621344
0,0
1,579640
2,-5623090
3,0
4,0
5,-5683412
6,0
7,-5626873
8,-5221170
9,-5570112
0,580280
1,0
2,-58043
3,-5572992
4,-5747544
5,-5573760
6,0
7,580760
8,522720
9,-5576160
0,-5286463
1,0
2,0
3,-5230530
4,-5579904
5,-5232060
6,581420
7,0
8,-5234130
9,-5641714
0,0
1,-5701640
2,-5469390
3,-5702718
4,290985
5,116402
6,582060
7,523908
8,174654
9,-5298293
0,0
1,-4892244
2,0
3,932080
4,-4894008
5,466136
6,582740
7,349686
8,0
9,-5655100
0,349836
1,466488
2,0
3,-5715850
4,-5658010
5,-233352
6,-233380
7,-58351
8,-291790
9,-5486498
0,-5487250
1,525429
2,-5663830
3,-5489130
4,-5606688
5,584090
6,-58416
7,-5258250
8,-292165
9,-5317949
0,-5610528
1,0
2,526131
3,350790
4,-5262570
5,-5672366
6,935760
7,-409444
8,-233992
9,585050
0,351084
1,526671
2,-4916268
3,-5560730
4,234172
5,585500
6,-5621376
7,-234260
8,-4920384
9,0
0,-5741624
1,234388
2,-5391476
3,-5743584
4,-5275080
5,0
6,0
7,-4925508
8,-5688371
9,586480
0,-5630784
1,938608
2,586700
3,-234712
4,-58685
5,-234772
6,-5752600
7,-234828
8,-5343065
9,469752
0,-5344066
1,528597
2,-5521466
3,-234996
4,352536
5,-5288490
6,-5289210
7,0
8,-58783
9,-235172
0,0
1,352842
2,-411698
3,-5764360
4,529443
5,588340
6,-58842
7,0
8,706332
9,-235484
0,-353268
1,0
2,-412244
3,589010
4,-5596165
5,-5538010
6,-353544
7,0
8,589400
9,-235796
0,-5659584
1,-5778178
2,-5307120
3,-5661504
4,-5308650
5,-5545248
6,0
7,-5310630
8,354072
9,-5547974
0,-5549102
1,-5313600
2,0
3,-236240
4,0
5,0
6,354528
7,-5613835
8,-5673312
9,0
0,-5674848
1,-5557186
2,-5735125
3,-4967172
4,-4967676
5,-5678304
6,354936
7,591650
8,-5325660
9,-5799738
0,591910
1,0
2,-59204
3,0
4,-414526
5,-5744534
6,-5685888
7,-5568184
8,-5805520
9,-5450540
0,-5865849
1,948128
2,-4978260
3,-5690400
4,-237128
5,592890
6,-355776
7,-5870700
8,118612
9,-355890
0,-5457440
1,-5339340
2,-237336
3,534069
4,-5875353
5,-5757241
6,0
7,-5640340
8,-5225616
9,593890
0,-59398
1,-5703072
2,0
3,-237700
4,-5586890
5,0
6,-5647845
7,356766
8,-5590180
9,-5353290
0,-5413499
1,118996
2,595080
3,-5594504
4,952336
5,-59531
6,-5715552
7,-5716320
8,-5597700
9,-5777126
0,-238260
1,-297860
2,-5778969
3,-238344
4,-5720832
5,238412
6,-5364810
7,596200
8,-5366430
9,-5665135
0,-5665705
1,477144
2,-5607194
3,-5250168
4,358008
5,-5848248
6,716208
7,596940
8,537282
9,0
0,358272
1,-5255272
2,597260
3,-5614902
4,0
5,-358488
6,239024
7,597600
8,0
9,-5380110
0,298935
1,-5381640
2,-358830
3,-5383080
4,0
5,-5743296
6,-239344
7,-59842
8,-5446168
9,-5446532
0,0
1,-5268296
2,-5388840
3,-5389830
4,359364
5,359418
6,239628
7,-5392620
8,539325
9,299645
0,0
1,0
2,-5396220
3,-5816508
4,959520
5,-5817672
6,-299915
7,-5818933
8,0
9,-5940198
0,-5400900
1,360108
2,-5822231
3,-5762784
4,-5763360
5,360246
6,120092
7,-5704940
8,0
9,961088
0,360438
1,-5767776
2,600890
3,-5829312
4,360624
5,360648
6,0
7,-5831931
8,-360816
9,-60142
0,721776
1,541386
2,-5414580
3,240676
4,0
5,-240752
6,601950
7,-5719190
8,602100
9,0
0,-5420430
1,361410
2,0
3,0
4,-5483478
5,-5966037
6,-5966532
7,-5424930
8,-5907734
9,-5727455
0,-5426730
1,-60304
2,-5789952
3,0
4,301635
5,-241336
6,-5430690
7,603490
8,-362154
9,-5855696
0,-5735530
1,0
2,-5676848
3,-5435910
4,302025
5,604120
6,362508
7,-5679856
8,-362586
9,-362634
0,-5802816
1,120908
2,0
3,-60469
4,-5685026
5,-5806656
6,0
7,0
8,-5445810
9,-5083344
0,302600
1,-5447340
2,605320
3,-5448420
4,544905
5,363318
6,363378
7,0
8,969232
9,363510
0,0
1,-5999202
2,-60607
3,-5879364
4,121246
5,363804
6,606400
7,0
8,-5822880
9,-5702228
0,364002
1,-242704
2,0
3,0
4,-5827200
5,-5828064
6,-242872
7,182169
8,364386
9,364434
0,-60749
1,0
2,546858
3,-5894690
4,0
5,-5895854
6,-5836032
7,-5715012
8,486416
9,-5533528
0,0
1,608270
2,0
3,-5475690
4,365100
5,-5720652
6,-5782270
7,-5478570
8,-5479380
9,-5967024
0,0
1,-5116356
2,-5543083
3,-6030783
4,365550
5,-5483970
6,304690
7,-5484960
8,609500
9,-5486310
0,365808
1,-5731744
2,609820
3,609860
4,-5550181
5,-61000
6,366054
7,-5491530
8,-5919037
9,-5919910
0,-5737290
1,0
2,305250
3,-305280
4,366390
5,-244296
6,-305410
7,-5864448
8,-5742930
9,-5865888
0,366666
1,0
2,-5379000
3,-305655
4,733680
5,-5870016
6,-5870592
7,-5871168
8,0
9,-5750356
0,-5506470
1,-5751860
2,244784
3,-61203
4,367278
5,-5999560
6,551043
7,551079
8,244948
9,0
0,-245012
1,0
2,-6004166
3,551466
4,-5637852
5,-367746
6,-5516640
7,-6068799
8,-5149872
9,613150
0,-6009262
1,-5396688
2,306670
3,-5520690
4,-245396
5,0
6,981888
7,-5769626
8,-5893056
9,-245588
0,0
1,-245656
2,368532
3,614290
4,-5529150
5,983088
6,-5407600
7,0
8,-5900928
9,0
0,0
1,368952
2,-5534820
3,-5904480
4,246060
5,-61520
6,-369180
7,-5169108
8,307720
9,-5539770
0,0
1,0
2,-5973260
3,-5542740
4,0
5,369618
6,-5976073
7,-5545260
8,-61622
9,-61631
0,-5794066
1,-5548410
2,123312
3,0
4,-5981796
5,-61675
6,0
7,0
8,-5429424
9,0
0,370308
1,123446
2,-5802432
3,0
4,308720
5,0
6,-5558490
7,-432376
8,741300
9,-5931072
0,-5560920
1,-5190864
2,-5994988
3,0
4,309075
5,-5564160
6,-5564700
7,556515
8,0
9,0
0,-5568030
1,-5568840
2,-5817284
3,-6003524
4,-5942016
5,-433328
6,0
7,495360
8,-5573610
9,-5574240
0,0
1,-5885345
2,-5452480
3,-5948832
4,-5639452
5,-371898
6,-371940
7,991984
8,-5580540
9,-310070
0,-5581980
1,0
2,620380
3,-5956320
4,-5584770
5,310295
6,-248264
7,372450
8,0
9,-5588100
0,-5588820
1,-5838246
2,-248468
3,310615
4,-62128
5,-5964864
6,0
7,621530
8,994592
9,0
0,497400
1,-5223204
2,995008
3,0
4,-5598540
5,-373272
6,746616
7,-5973312
8,-5849432
9,-5601060
0,622420
1,-6100206
2,373518
3,-5665478
4,-6039511
5,-6040287
6,-6040675
7,-6041257
8,-5605920
9,622940
0,-6167601
1,-5918975
2,373872
3,-5608800
4,0
5,-5609970
6,-5485920
7,-5611410
8,249424
9,-5238660
0,-5239164
1,-5614110
2,-5739420
3,-62391
4,249592
5,998496
6,-6116474
7,624190
8,-5618160
9,-62429
0,0
1,-5619960
2,-5682859
3,-5496216
4,-5996640
5,374838
6,-5873120
7,-5248908
8,-5874624
9,-250008
0,0
1,0
2,-375162
3,375204
4,0
5,125108
6,0
7,-6006528
8,-5882144
9,375486
0,-5883178
1,0
2,-6197598
3,-5759936
4,563508
5,751440
6,-5699148
7,-5887690
8,0
9,-375918
0,-5263608
1,-5640030
2,0
3,-6017376
4,-5955265
5,626940
6,627000
7,564336
8,376272
9,376314
0,-5645430
1,-6022368
2,-5772080
3,0
4,-6024384
5,0
6,-251092
7,-6089563
8,-5651010
9,0
0,-5904140
1,565380
2,-5968565
3,-62832
4,-5718076
5,-6032928
6,-6033984
7,0
8,-5658300
9,251500
0,-6225021
1,628870
2,-6037728
3,377394
4,503232
5,-5787720
6,0
7,1006784
8,-6229971
9,-5978730
0,-251772
1,629490
2,-6107023
3,-5918710
4,314845
5,-5667930
6,-5668650
7,377958
8,-6047904
9,-378048
0,-5671710
1,-5294352
2,-378222
3,-5673960
4,-252208
5,504448
6,630640
7,-6180958
8,378450
9,-5677290
0,189261
1,630940
2,-5679090
3,378678
4,-5681250
5,378786
6,-5682690
7,-5683860
8,631600
9,0
0,-252704
1,-6128751
2,-6066336
3,-379194
4,0
5,-5942116
6,-316110
7,0
8,126478
9,-63244
0,-379506
1,-5819460
2,-253048
3,-6137093
4,-6074592
5,-5315856
6,-6075744
7,-6076416
8,-379848
9,633170
0,-5952362
1,-6016540
2,633390
3,-5827740
4,0
5,633620
6,-6083328
7,316870
8,-5957720
9,380346
0,0
1,126810
2,0
3,0
4,-6152225
5,634340
6,570978
7,634520
8,-5711310
9,380814
0,-5586152
1,-6094368
2,-6094848
3,-5714640
4,-381042
5,635140
6,0
7,-6098496
8,254120
9,-6035920
0,635420
1,-5719410
2,-5974076
3,381366
4,-6293034
5,-5848624
6,-381480
7,-5722650
8,-5723370
9,0
0,318045
1,-5725800
2,-63629
3,0
4,-254588
5,-5983476
6,0
7,-318345
8,-5794607
9,-6113664
0,-5987236
1,573291
2,-5797155
3,-5989116
4,-6180840
5,-5799157
6,1019760
7,-5800522
8,-5609912
9,-5738130
0,-6121152
1,-6058150
2,-5803525
3,-5995602
4,-255172
5,-5742450
6,-5742990
7,-6062520
8,1021184
9,-6191607
0,-5745690
1,-6001712
2,255424
3,638620
4,-5811897
5,-6195584
6,-383298
7,-5366928
8,0
9,-5815628
0,0
1,-6072495
2,-6328575
3,0
4,0
5,-6203053
6,0
7,-383784
8,-255888
9,639790
0,639860
1,639920
2,-255992
3,640040
4,-6209067
5,384108
6,640250
7,-5378772
8,0
9,0
0,384324
1,-6021734
2,-6086460
3,-6022956
4,576720
5,-6216342
6,0
7,-384606
8,0
9,0
0,384762
1,-6092540
2,-5772510
3,0
4,1026432
5,0
6,-6160320
7,0
8,0
9,-6034424
0,0
1,321045
2,0
3,-5394900
4,-449617
5,-6230892
6,-6038748
7,256988
8,642540
9,0
0,-64270
1,0
2,-6171072
3,385752
4,1028784
5,-5787540
6,-321565
7,-5853120
8,0
9,-6369066
0,321695
1,-5791140
2,-5791680
3,-6242726
4,-5857215
5,-6244084
6,-64377
7,128768
8,-6181344
9,579555
0,-6054258
1,579708
2,-6184224
3,0
4,-5863130
5,-6185856
6,-6250680
7,-5800410
8,0
9,644660
0,-6189216
1,-5802930
2,-6125885
3,644900
4,-6062624
5,580500
6,-6256985
7,-258052
8,0
9,-6259410
0,-5937312
1,645430
2,-6196800
3,-6197664
4,-387408
5,-5811840
6,-6328938
7,129184
8,-5684536
9,-5814180
0,-6266879
1,-64617
2,-5945224
3,-6204384
4,-5687968
5,-323210
6,0
7,646550
8,-64660
9,1034656
0,0
1,-6209568
2,-5821920
3,-258776
4,-64701
5,0
6,0
7,-6084056
8,-388392
9,388446
0,258988
1,1036080
2,647600
3,-5893797
4,323865
5,1036480
6,-64789
7,-6220224
8,-5702400
9,-5897437
0,-6092422
1,0
2,-259328
3,-6224640
4,389088
5,-259420
6,-6291420
7,389202
8,0
9,0
0,-6229344
1,0
2,-64904
3,-5906901
4,0
5,-259712
6,-389610
7,-6234816
8,-454657
9,649570
0,-6236640
1,-259892
2,584820
3,0
4,-5849100
5,-260012
6,1040128
7,0
8,-5851980
9,0
0,-6373724
1,-5463612
2,-65049
3,-260224
4,0
5,-390468
6,-6378134
7,325445
8,-5467896
9,0
0,0
1,0
2,0
3,0
4,651440
5,-325765
6,390984
7,-260696
8,-6452622
9,-6257760
0,-391182
1,652040
2,391278
3,326085
4,-6326631
5,-6327116
6,-65236
7,260972
8,0
9,-5742792
0,0
1,0
2,-65282
3,0
4,0
5,-6400086
6,0
7,195963
8,-5879610
9,-392010
0,-65343
1,0
2,-6274656
3,-392214
4,-6276288
5,653840
6,1046240
7,-6343218
8,-6343703
9,-6148352
0,-6279744
1,0
2,-5888250
3,654310
4,0
5,-6348359
6,0
7,589140
8,-5892300
9,-6285504
0,-6286176
1,-5501076
2,-5894640
3,327515
4,786108
5,-5961774
6,655220
7,655320
8,655420
9,-5899320
0,-6358738
1,-6162734
2,-6294336
3,-6295392
4,-6361551
5,-5968690
6,-6362909
7,0
8,393648
9,-6299040
0,-6300000
1,-393810
2,-5908050
3,0
4,393972
5,-5516196
6,656760
7,-6174202
8,-5518212
9,-5781688
0,-6439384
1,394308
2,-6506478
3,-6441148
4,-6047344
5,0
6,-6180406
7,657540
8,394590
9,-6445656
0,-263132
1,-6381339
2,-6316320
3,0
4,394878
5,394920
6,592425
7,-65831
8,329175
9,395070
0,395112
1,-65858
2,329325
3,329355
4,592884
5,1054112
6,-6259360
7,-6523407
8,790764
9,263624
0,395466
1,-461412
2,-6394337
3,0
4,659340
5,0
6,-5935590
7,-6397732
8,0
9,-6333120
0,-5542152
1,0
2,-5939100
3,-6533505
4,396054
5,-5941530
6,-6404231
7,-6404619
8,-6339264
9,0
0,0
1,594522
2,-330330
3,-396444
4,-6211708
5,132188
6,-6213588
7,-6214246
8,330575
9,0
0,132258
1,0
2,-396864
3,-6548751
4,661570
5,-6550038
6,661690
7,-5955930
8,-6419848
9,397164
0,-6421303
1,397236
2,0
3,-6092148
4,596025
5,264928
6,-264968
7,-6558453
8,596259
9,795084
0,-5831232
1,-6428190
2,0
3,265140
4,-6297645
5,1060768
6,397854
7,132636
8,-6035302
9,-6367392
0,-6368160
1,0
2,-6369504
3,0
4,-5973030
5,-6438375
6,-6041126
7,-464737
8,531176
9,0
0,0
1,597789
2,-6443419
3,-6244984
4,265788
5,-5980860
6,-6247146
7,-6247804
8,0
9,199452
0,-6250154
1,-6051227
2,-6517196
3,-6384960
4,-66519
5,399168
6,1064560
7,-6254948
8,-5989230
9,0
0,-266272
1,399444
2,-6058598
3,-6525134
4,-5859744
5,1065536
6,-5594568
7,-5994990
8,0
9,-6529250
0,599679
1,-6263784
2,-6464177
3,-6464662
4,-6265288
5,-6265852
6,0
7,-5600532
8,600093
9,-6468154
0,0
1,666950
2,0
3,-5603472
4,0
5,-400350
6,-6072521
7,-6273278
8,-6474168
9,-267020
0,-400578
1,0
2,0
3,-6344860
4,-6412224
5,-5878664
6,-6480473
7,-66818
8,0
9,267328
0,-66838
1,133688
2,-6150016
3,-6017040
4,1069840
5,0
6,133766
7,-6287754
8,-5619432
9,-6422976
0,-6490561
1,0
2,-6425088
3,-6492598
4,133890
5,401712
6,-6026310
7,-5625228
8,-6429216
9,267912
0,-6497448
1,-468930
2,0
3,-6030270
4,-6499679
5,1072192
6,-6098729
7,134052
8,-6368135
9,-6301760
0,-6436512
1,-6436992
2,0
3,670650
4,-6036480
5,670800
6,670870
7,-5635812
8,335490
9,-6307964
0,-6442560
1,402702
2,-6041160
3,-5907440
4,0
5,-6378775
6,-6513550
7,-6379820
8,671620
9,403020
0,-6046020
1,-6516945
2,-5912984
3,0
4,-268864
5,605007
6,-67230
7,403434
8,-6052140
9,-6321688
0,336285
1,-5919320
2,-6390745
3,-5651772
4,-6056190
5,-6662304
6,-6124300
7,-6057720
8,403884
9,0
0,403980
1,-6329584
2,-6061050
3,673500
4,-67359
5,-6130215
6,-6130761
7,-6131398
8,-6536151
9,404328
0,-6537412
1,-6470688
2,-6134492
3,-6337762
4,-6068610
5,-6473760
6,0
7,-337260
8,-6340958
9,-337340
0,-404862
1,0
2,-6074550
3,-6682401
4,1080096
5,405078
6,1080336
7,-6077520
8,0
9,-405294
0,0
1,540488
2,0
3,-405444
4,-405510
5,-405570
6,1081600
7,-6084720
8,676180
9,676240
0,-6627740
1,-6087420
2,676470
3,-6697449
4,-6089130
5,338310
6,-406026
7,-270728
8,676880
9,-6498624
0,406224
1,-6161701
2,609444
3,338605
4,677290
5,677350
6,406458
7,-6097410
8,609777
9,-5691840
0,-6370004
1,406638
2,1084496
3,-6168799
4,338970
5,610200
6,0
7,0
8,678250
9,406998
0,1085456
1,-6648908
2,678540
3,1085760
4,-67867
5,-6719427
6,678810
7,-67886
8,-6110460
9,-67903
0,-6722793
1,-6383916
2,407526
3,-339645
4,-271756
5,-67945
6,407724
7,-6524256
8,-6185088
9,-6593575
0,-6526080
1,-6526752
2,-6391436
3,340000
4,-6188546
5,-6121350
6,408132
7,-476196
8,0
9,-6123960
0,-6124320
1,-340270
2,-6465795
3,-408408
4,-5718216
5,-6535968
6,-68091
7,680970
8,544824
9,-5993504
0,408696
1,-6131160
2,-408780
3,0
4,613332
5,-6406570
6,-408984
7,-6612490
8,0
9,0
0,409164
1,-6138090
2,0
3,-409302
4,-272904
5,0
6,-6619377
7,-6142230
8,-409542
9,-6143760
0,-6554016
1,-273108
2,-273152
3,1092704
4,614700
5,-6693890
6,1092976
7,683190
8,-6149340
9,-273340
0,-6697418
1,-68348
2,-6425746
3,615267
4,820440
5,-6769323
6,-6769719
7,273556
8,-6634218
9,341995
0,0
1,-6157620
2,-6158250
3,-273728
4,684370
5,0
6,0
7,-5750472
8,-68464
9,-6573216
0,410856
1,-6505790
2,410922
3,-6438248
4,-411000
5,137018
6,-6166350
7,411138
8,-6647313
9,0
0,342700
1,-6648865
2,-6580896
3,411336
4,1096992
5,-5759964
6,-6446520
7,-6584160
8,0
9,686000
0,686080
1,-6175440
2,-6450468
3,-411780
4,686370
5,-6177960
6,411912
7,0
8,-68665
9,0
0,-6181110
1,-6250426
2,412182
3,-6732894
4,0
5,412290
6,-274884
7,-6254157
8,-5773740
9,-5774328
0,-6187410
1,-6600480
2,412572
3,618912
4,0
5,-275144
6,-6810210
7,-6191820
8,412824
9,275236
0,-68815
1,-6193980
2,-481810
3,688350
4,-413064
5,688510
6,-6197220
7,-6610944
8,-6611712
9,-413280
0,-6750828
1,620019
2,-275592
3,-413460
4,0
5,413568
6,-6686501
7,-68939
8,0
9,1103264
0,-6551200
1,0
2,-6483932
3,0
4,-68991
5,-276000
6,-69009
7,-6280183
8,-414126
9,-5798520
0,-6213510
1,-69046
2,138112
3,-69064
4,0
5,0
6,-6218010
7,414570
8,138202
9,-6565165
0,-6496904
1,-6497562
2,-6705804
3,-6775426
4,691430
5,-6707453
6,276628
7,622485
8,276676
9,-415092
0,-69191
1,-6781306
2,622827
3,692100
4,0
5,-6507338
6,-6853869
7,-6508654
8,-6647808
9,-6786892
0,1108192
1,-6511286
2,-6304116
3,0
4,-69291
5,0
6,0
7,415872
8,-6515986
9,-6655488
0,-6863967
1,-6240420
2,0
3,-6519182
4,0
5,416226
6,277520
7,-416316
8,138788
9,416388
0,0
1,277652
2,416508
3,-6248430
4,-6110280
5,-6666144
6,0
7,-6667584
8,625131
9,0
0,-6669792
1,0
2,-625392
3,-6532436
4,417006
5,695100
6,1112256
7,0
8,695300
9,-6675648
0,-6259230
1,0
2,-6886440
3,-6539392
4,695740
5,139164
6,-6749939
7,417606
8,417648
9,0
0,417732
1,-6753916
2,696330
3,-69639
4,-6128672
5,-626832
6,-6268950
7,0
8,-5852280
9,418062
0,418116
1,418170
2,0
3,-278864
4,-418350
5,278920
6,0
7,-6277410
8,837084
9,-5860260
0,-6558380
1,-6280020
2,418722
3,1116688
4,-6840302
5,-6701568
6,-279260
7,628398
8,-6424268
9,-6704064
0,-6355440
1,628614
2,-279420
3,-69863
4,-5869080
5,0
6,-6569096
7,-419364
8,0
9,838968
0,0
1,0
2,-6853630
3,0
4,-419724
5,1119360
6,0
7,-6297660
8,-6927921
9,-6368908
0,-6649335
1,-6720000
2,420054
3,-6161496
4,0
5,0
6,0
7,-6794850
8,-70059
9,420402
0,-6796984
1,-6307200
2,700900
3,-6799118
4,420600
5,420648
6,-6310620
7,-6381375
8,701330
9,-6663110
0,-6312960
1,0
2,0
3,-6736128
4,-6315750
5,0
6,-6387017
7,-6317190
8,-6739200
9,702060
0,631890
1,-6179096
2,-6390111
3,421386
4,421434
5,-6603500
6,632295
7,351300
8,0
9,0
0,-6325650
1,0
2,-6608482
3,-6327900
4,0
5,-70324
6,0
7,-6963858
8,422106
9,281424
0,0
1,-6333390
2,-422262
3,-351920
4,-6335280
5,-6969204
6,0
7,704110
8,422502
9,-6690185
0,-6761280
1,633942
2,-6340050
3,-5917884
4,-6904688
5,-6341940
6,422826
7,-6624744
8,281924
9,-6837336
0,-6767520
1,705000
2,705060
3,-6769248
4,0
5,-6347160
6,705310
7,352685
8,-6490140
9,-6349680
0,-5927124
1,-6633392
2,-6775296
3,-6846357
4,-6705670
5,0
6,-6495292
7,-6425237
8,0
9,0
0,0
1,0
2,-6358590
3,-6359220
4,0
5,-6784800
6,636138
7,424140
8,707000
9,424242
0,0
1,707200
2,-5941404
3,424452
4,707480
5,-6863041
6,-6368310
7,-6934970
8,283088
9,-6865466
0,-6370650
1,707910
2,-7008804
3,0
4,637290
5,-6373620
6,-424950
7,-6445530
8,-70837
9,-70844
0,-425112
1,-6377040
2,-70861
3,-283476
4,-6945750
5,-6379380
6,0
7,-283596
8,-6665352
9,-6878658
0,-70921
1,-6738065
2,709350
3,0
4,-6243512
5,-5960220
6,-6670428
7,-6458088
8,1135616
9,-5962656
0,-6460363
1,0
2,-6817056
3,639171
4,142060
5,355180
6,639378
7,-6962704
8,-6394680
9,426354
0,426396
1,0
2,-6823488
3,-6895148
4,0
5,355480
6,-6541384
7,-6399990
8,-6685186
9,711260
0,-71133
1,0
2,-6758965
3,-6403860
4,426966
5,-5978112
6,711760
7,0
8,854304
9,-6478927
0,427236
1,0
2,712220
3,0
4,-6482203
5,1139824
6,-71247
7,-6768940
8,-285036
9,-6413850
0,427656
1,285128
2,-427734
3,285180
4,-6417270
5,-285240
6,427896
7,285288
8,641934
9,-7061670
0,-6777205
1,0
2,-6849984
3,-6707840
4,-6851328
5,-285500
6,0
7,-6425190
8,-6425910
9,-71406
0,714120
1,-6427800
2,-6999650
3,428598
4,-6500858
5,-71445
6,-6930650
7,0
8,428790
9,-428826
00,0
